india_real_boundary_raster_layer_output/demo_india_annual_rainfall_raster.asc
ncols 280
nrows 290
xllcorner 66.0
yllcorner 5.0
cellsize 0.12
NODATA_value -9999
[rows 198 to 230 of 290, columns 150 to 224 of 280]
1084.2 1089.8 1094.8 1099.1 1102.8 1105.9 1108.4 1110.2 1111.4 1112.0 1111.9 1111.2 1110.0 1108.2 1105.8 1102.9 1099.5 1095.6 1091.3 1086.5 1081.4 1075.9 1070.0 1063.9 1057.6 1051.0 1044.2 1037.3 1030.2 1023.1 1016.0 1008.8 1001.6 994.5 987.4 980.5 973.6 966.9 960.4 954.0 947.8 941.8 936.0 930.4 925.1 919.9 915.1 910.4 906.0 901.8 897.9 894.2 890.7 887.5 884.4 881.6 878.9 876.5 874.2 872.1 870.2 868.4 866.8 865.3 864.0 862.7 861.6 860.6 859.7 858.9 858.1 857.5 856.9 856.3 855.9
1073.2 1078.6 1083.4 1087.6 1091.2 1094.2 1096.6 1098.3 1099.5 1100.1 1100.0 1099.4 1098.3 1096.6 1094.3 1091.6 1088.3 1084.6 1080.5 1076.0 1071.1 1065.9 1060.3 1054.5 1048.4 1042.1 1035.7 1029.1 1022.4 1015.6 1008.8 1001.9 995.1 988.3 981.6 975.0 968.4 962.0 955.8 949.7 943.8 938.1 932.5 927.2 922.1 917.3 912.6 908.2 904.0 900.0 896.2 892.7 889.4 886.3 883.4 880.7 878.2 875.8 873.7 871.7 869.8 868.1 866.6 865.2 863.9 862.7 861.7 860.7 859.8 859.0 858.3 857.7 857.1 856.6 856.2
1062.6 1067.8 1072.4 1076.4 1079.9 1082.8 1085.1 1086.8 1088.0 1088.5 1088.5 1088.0 1086.9 1085.3 1083.2 1080.6 1077.5 1074.0 1070.1 1065.8 1061.1 1056.2 1050.9 1045.3 1039.6 1033.6 1027.5 1021.2 1014.8 1008.4 1001.9 995.3 988.8 982.4 976.0 969.7 963.4 957.3 951.4 945.6 940.0 934.5 929.3 924.2 919.3 914.7 910.3 906.1 902.1 898.3 894.7 891.3 888.2 885.2 882.5 879.9 877.5 875.3 873.2 871.3 869.6 867.9 866.5 865.1 863.9 862.8 861.8 860.8 860.0 859.3 858.6 858.0 857.4 857.0 856.5
1052.4 1057.4 1061.8 1065.7 1069.0 1071.8 1074.0 1075.7 1076.8 1077.4 1077.4 1076.9 1075.9 1074.4 1072.4 1070.0 1067.0 1063.7 1060.0 1055.9 1051.5 1046.8 1041.8 1036.5 1031.0 1025.4 1019.5 1013.6 1007.5 1001.4 995.2 989.0 982.8 976.7 970.6 964.6 958.7 952.9 947.2 941.7 936.3 931.2 926.2 921.3 916.7 912.3 908.1 904.1 900.3 896.7 893.3 890.1 887.1 884.3 881.6 879.2 876.9 874.8 872.8 871.0 869.4 867.9 866.5 865.2 864.0 862.9 862.0 861.1 860.3 859.6 859.0 858.4 857.9 857.4 857.0
1042.6 1047.3 1051.6 1055.3 1058.6 1061.2 1063.4 1065.0 1066.1 1066.7 1066.7 1066.3 1065.3 1063.9 1062.0 1059.7 1057.0 1053.8 1050.3 1046.4 1042.3 1037.8 1033.0 1028.0 1022.8 1017.4 1011.9 1006.2 1000.5 994.7 988.8 982.9 977.1 971.2 965.4 959.7 954.1 948.6 943.2 938.0 932.9 928.0 923.2 918.7 914.3 910.1 906.1 902.3 898.7 895.3 892.0 889.0 886.1 883.5 881.0 878.6 876.5 874.5 872.6 870.9 869.3 867.9 866.5 865.3 864.2 863.2 862.3 861.5 860.7 860.0 859.4 858.9 858.4 857.9 857.6
1033.2 1037.8 1041.8 1045.4 1048.5 1051.1 1053.2 1054.8 1055.8 1056.4 1056.5 1056.1 1055.2 1053.9 1052.1 1049.9 1047.3 1044.3 1041.0 1037.4 1033.4 1029.1 1024.6 1019.9 1015.0 1009.9 1004.6 999.3 993.8 988.3 982.7 977.1 971.6 966.0 960.6 955.2 949.8 944.6 939.5 934.5 929.7 925.1 920.5 916.2 912.1 908.1 904.3 900.7 897.2 894.0 890.9 888.1 885.3 882.8 880.4 878.2 876.2 874.3 872.5 870.9 869.4 868.0 866.8 865.6 864.5 863.6 862.7 861.9 861.2 860.6 860.0 859.5 859.0 858.6 858.2
1024.2 1028.6 1032.5 1036.0 1039.0 1041.4 1043.4 1045.0 1046.0 1046.6 1046.7 1046.3 1045.5 1044.2 1042.6 1040.5 1038.1 1035.3 1032.1 1028.7 1024.9 1020.9 1016.6 1012.2 1007.5 1002.7 997.7 992.6 987.5 982.2 977.0 971.7 966.4 961.2 956.0 950.8 945.8 940.9 936.0 931.3 926.8 922.3 918.1 914.0 910.0 906.3 902.7 899.2 896.0 892.9 890.0 887.3 884.7 882.3 880.1 878.0 876.0 874.2 872.6 871.0 869.6 868.3 867.1 866.0 865.0 864.1 863.3 862.5 861.9 861.2 860.7 860.2 859.8 859.4 859.0
1015.8 1020.0 1023.7 1027.0 1029.9 1032.3 1034.2 1035.7 1036.7 1037.2 1037.3 1037.0 1036.3 1035.1 1033.5 1031.6 1029.3 1026.7 1023.7 1020.4 1016.9 1013.1 1009.1 1004.8 1000.4 995.9 991.2 986.4 981.5 976.5 971.6 966.6 961.6 956.6 951.7 946.8 942.1 937.4 932.8 928.4 924.1 919.9 915.8 911.9 908.2 904.7 901.3 898.0 894.9 892.0 889.3 886.7 884.3 882.0 879.9 877.9 876.1 874.3 872.8 871.3 870.0 868.7 867.6 866.6 865.6 864.8 864.0 863.3 862.6 862.1 861.5 861.1 860.7 860.3 860.0
1007.8 1011.8 1015.4 1018.6 1021.3 1023.6 1025.4 1026.8 1027.8 1028.4 1028.5 1028.2 1027.5 1026.4 1025.0 1023.2 1021.0 1018.5 1015.7 1012.7 1009.3 1005.7 1001.9 997.9 993.8 989.5 985.0 980.5 975.9 971.2 966.5 961.8 957.1 952.4 947.7 943.2 938.6 934.2 929.9 925.7 921.6 917.7 913.8 910.2 906.7 903.3 900.1 897.0 894.1 891.4 888.8 886.3 884.0 881.9 879.9 878.0 876.3 874.6 873.2 871.8 870.5 869.3 868.3 867.3 866.4 865.6 864.9 864.2 863.6 863.0 862.5 862.1 861.7 861.4 861.0
1000.3 1004.2 1007.6 1010.6 1013.2 1015.4 1017.2 1018.6 1019.5 1020.0 1020.2 1019.9 1019.3 1018.3 1016.9 1015.2 1013.2 1010.9 1008.2 1005.3 1002.2 998.8 995.2 991.5 987.6 983.5 979.3 975.0 970.7 966.3 961.8 957.4 952.9 948.5 944.1 939.8 935.5 931.4 927.3 923.3 919.5 915.7 912.1 908.7 905.3 902.2 899.1 896.2 893.5 890.9 888.5 886.2 884.0 882.0 880.1 878.3 876.7 875.1 873.7 872.4 871.2 870.1 869.1 868.2 867.4 866.6 865.9 865.3 864.7 864.2 863.7 863.3 862.9 862.6 862.3
993.4 997.0 1000.3 1003.2 1005.7 1007.8 1009.5 1010.8 1011.7 1012.3 1012.4 1012.2 1011.6 1010.7 1009.4 1007.8 1005.9 1003.7 1001.3 998.5 995.6 992.4 989.0 985.5 981.8 978.0 974.0 970.0 965.9 961.7 957.6 953.4 949.2 945.0 940.9 936.8 932.8 928.9 925.0 921.3 917.6 914.1 910.7 907.5 904.3 901.3 898.5 895.7 893.2 890.7 888.4 886.2 884.2 882.3 880.5 878.8 877.3 875.8 874.5 873.3 872.2 871.1 870.2 869.3 868.5 867.8 867.1 866.5 866.0 865.5 865.1 864.7 864.3 864.0 863.7
987.0 990.5 993.6 996.4 998.8 1000.8 1002.4 1003.6 1004.5 1005.0 1005.2 1005.0 1004.5 1003.6 1002.4 1001.0 999.2 997.1 994.8 992.2 989.5 986.5 983.3 980.0 976.5 972.9 969.2 965.4 961.5 957.6 953.7 949.7 945.8 941.9 938.0 934.2 930.4 926.7 923.1 919.5 916.1 912.8 909.6 906.5 903.6 900.8 898.1 895.5 893.1 890.8 888.6 886.5 884.6 882.8 881.1 879.6 878.1 876.8 875.5 874.4 873.3 872.3 871.4 870.6 869.9 869.2 868.6 868.0 867.5 867.0 866.6 866.3 865.9 865.6 865.4
981.2 984.5 987.5 990.1 992.4 994.3 995.8 997.0 997.9 998.4 998.6 998.4 997.9 997.1 996.0 994.6 993.0 991.0 988.9 986.5 983.9 981.1 978.1 975.0 971.7 968.3 964.8 961.3 957.6 954.0 950.3 946.6 942.9 939.2 935.5 931.9 928.4 924.9 921.5 918.2 914.9 911.8 908.8 905.9 903.2 900.5 898.0 895.6 893.3 891.1 889.1 887.1 885.3 883.6 882.1 880.6 879.2 877.9 876.8 875.7 874.7 873.8 872.9 872.1 871.4 870.8 870.2 869.7 869.2 868.8 868.4 868.1 867.8 867.5 867.2
975.9 979.1 981.9 984.4 986.6 988.4 989.9 991.0 991.9 992.4 992.5 992.4 992.0 991.2 990.2 988.9 987.3 985.5 983.5 981.3 978.8 976.2 973.4 970.5 967.4 964.2 961.0 957.6 954.2 950.8 947.3 943.8 940.3 936.9 933.4 930.1 926.7 923.5 920.3 917.1 914.1 911.2 908.4 905.7 903.1 900.6 898.2 895.9 893.8 891.7 889.8 888.0 886.3 884.7 883.2 881.9 880.6 879.4 878.3 877.3 876.3 875.5 874.7 873.9 873.3 872.7 872.1 871.6 871.2 870.8 870.4 870.1 869.8 869.5 869.3
971.3 974.3 977.0 979.3 981.4 983.1 984.5 985.6 986.4 986.9 987.1 987.0 986.6 985.9 985.0 983.8 982.3 980.6 978.7 976.6 974.3 971.9 969.3 966.5 963.7 960.7 957.6 954.5 951.3 948.1 944.8 941.5 938.3 935.0 931.8 928.6 925.5 922.4 919.4 916.5 913.7 910.9 908.3 905.8 903.3 901.0 898.7 896.6 894.6 892.7 890.9 889.2 887.6 886.1 884.7 883.4 882.2 881.1 880.1 879.1 878.2 877.4 876.7 876.0 875.4 874.8 874.3 873.8 873.4 873.0 872.7 872.4 872.1 871.9 871.7
967.2 970.1 972.6 974.9 976.8 978.5 979.8 980.9 981.6 982.1 982.3 982.2 981.8 981.2 980.3 979.2 977.9 976.3 974.5 972.6 970.4 968.1 965.7 963.1 960.4 957.7 954.8 951.8 948.9 945.8 942.8 939.7 936.7 933.6 930.6 927.6 924.7 921.8 919.0 916.3 913.6 911.1 908.6 906.2 903.9 901.7 899.6 897.7 895.8 894.0 892.3 890.7 889.2 887.8 886.5 885.3 884.2 883.1 882.1 881.2 880.4 879.7 879.0 878.3 877.7 877.2 876.7 876.3 875.9 875.6 875.2 875.0 874.7 874.5 874.3
963.8 966.5 968.9 971.0 972.9 974.5 975.7 976.7 977.5 977.9 978.1 978.0 977.7 977.1 976.3 975.3 974.0 972.6 970.9 969.1 967.1 965.0 962.7 960.3 957.8 955.2 952.5 949.7 946.9 944.1 941.3 938.4 935.5 932.7 929.9 927.1 924.4 921.7 919.0 916.5 914.0 911.6 909.3 907.1 904.9 902.9 900.9 899.0 897.3 895.6 894.0 892.5 891.1 889.8 888.6 887.5 886.4 885.4 884.5 883.7 882.9 882.2 881.6 881.0 880.4 879.9 879.5 879.1 878.7 878.4 878.1 877.8 877.6 877.4 877.2
961.0 963.5 965.8 967.8 969.6 971.1 972.3 973.3 974.0 974.4 974.6 974.5 974.2 973.7 973.0 972.0 970.8 969.5 967.9 966.2 964.4 962.4 960.3 958.0 955.7 953.2 950.7 948.2 945.6 942.9 940.3 937.6 934.9 932.3 929.6 927.0 924.5 922.0 919.5 917.1 914.8 912.5 910.4 908.3 906.3 904.4 902.5 900.8 899.2 897.6 896.1 894.7 893.4 892.2 891.1 890.0 889.0 888.1 887.2 886.5 885.7 885.1 884.5 883.9 883.4 882.9 882.5 882.1 881.8 881.5 881.2 881.0 880.7 880.5 880.4
958.8 961.2 963.4 965.3 967.0 968.4 969.5 970.4 971.1 971.5 971.7 971.7 971.4 970.9 970.2 969.4 968.3 967.0 965.6 964.0 962.3 960.4 958.4 956.3 954.2 951.9 949.6 947.2 944.7 942.3 939.8 937.3 934.8 932.3 929.9 927.4 925.0 922.7 920.4 918.2 916.0 913.9 911.9 909.9 908.1 906.3 904.6 903.0 901.4 900.0 898.6 897.3 896.1 894.9 893.9 892.9 892.0 891.1 890.3 889.6 888.9 888.3 887.7 887.2 886.7 886.3 885.9 885.5 885.2 884.9 884.7 884.4 884.2 884.0 883.9
957.3 959.6 961.6 963.4 965.0 966.3 967.4 968.3 968.9 969.3 969.5 969.5 969.3 968.8 968.2 967.4 966.4 965.2 963.9 962.4 960.8 959.0 957.2 955.3 953.2 951.1 948.9 946.7 944.4 942.1 939.8 937.5 935.2 932.9 930.6 928.3 926.1 923.9 921.8 919.7 917.7 915.7 913.8 912.0 910.3 908.6 907.0 905.5 904.1 902.7 901.4 900.2 899.1 898.0 897.0 896.1 895.3 894.5 893.7 893.0 892.4 891.8 891.3 890.8 890.4 890.0 889.6 889.3 889.0 888.7 888.5 888.3 888.1 887.9 887.7
956.4 958.6 960.5 962.2 963.7 964.9 966.0 966.8 967.4 967.8 968.0 968.0 967.7 967.3 966.8 966.0 965.1 964.0 962.8 961.4 959.9 958.3 956.6 954.8 952.9 950.9 948.9 946.8 944.7 942.6 940.4 938.3 936.1 934.0 931.8 929.7 927.6 925.6 923.6 921.7 919.8 918.0 916.2 914.6 912.9 911.4 909.9 908.5 907.2 905.9 904.7 903.6 902.5 901.5 900.6 899.7 898.9 898.2 897.5 896.9 896.3 895.8 895.3 894.8 894.4 894.0 893.7 893.4 893.1 892.8 892.6 892.4 892.2 892.1 891.9
956.2 958.2 960.0 961.6 963.0 964.2 965.2 966.0 966.5 966.9 967.1 967.1 966.9 966.5 966.0 965.3 964.5 963.5 962.3 961.1 959.7 958.2 956.6 954.9 953.2 951.3 949.4 947.5 945.6 943.6 941.6 939.6 937.6 935.6 933.6 931.6 929.7 927.8 926.0 924.2 922.4 920.7 919.1 917.5 916.0 914.6 913.2 911.9 910.6 909.5 908.4 907.3 906.3 905.4 904.5 903.7 903.0 902.3 901.7 901.1 900.5 900.0 899.6 899.2 898.8 898.4 898.1 897.8 897.6 897.3 897.1 896.9 896.8 896.6 896.5
956.6 958.5 960.2 961.7 963.0 964.1 965.1 965.8 966.4 966.7 966.9 966.9 966.7 966.4 965.9 965.3 964.5 963.6 962.5 961.3 960.1 958.7 957.2 955.6 954.0 952.3 950.6 948.8 947.0 945.1 943.3 941.4 939.5 937.7 935.9 934.0 932.2 930.5 928.8 927.1 925.5 923.9 922.4 920.9 919.5 918.2 916.9 915.7 914.6 913.5 912.4 911.5 910.5 909.7 908.9 908.2 907.5 906.8 906.2 905.7 905.2 904.7 904.3 903.9 903.5 903.2 902.9 902.7 902.4 902.2 902.0 901.8 901.7 901.5 901.4
957.7 959.4 961.0 962.5 963.7 964.8 965.6 966.3 966.8 967.2 967.4 967.4 967.2 966.9 966.5 965.9 965.2 964.3 963.3 962.3 961.1 959.8 958.4 957.0 955.5 953.9 952.3 950.6 949.0 947.3 945.5 943.8 942.1 940.4 938.6 937.0 935.3 933.7 932.1 930.5 929.0 927.6 926.2 924.8 923.5 922.3 921.1 920.0 918.9 917.9 916.9 916.0 915.2 914.4 913.6 913.0 912.3 911.7 911.2 910.7 910.2 909.8 909.4 909.0 908.7 908.4 908.1 907.9 907.6 907.4 907.3 907.1 906.9 906.8 906.7
959.4 961.0 962.5 963.9 965.0 966.0 966.8 967.5 968.0 968.3 968.5 968.5 968.4 968.1 967.7 967.2 966.5 965.7 964.8 963.8 962.7 961.5 960.3 958.9 957.5 956.1 954.6 953.1 951.5 949.9 948.3 946.7 945.1 943.5 942.0 940.4 938.9 937.4 935.9 934.4 933.1 931.7 930.4 929.2 928.0 926.8 925.7 924.7 923.7 922.7 921.8 921.0 920.2 919.5 918.8 918.2 917.6 917.0 916.5 916.0 915.6 915.2 914.8 914.5 914.2 913.9 913.7 913.4 913.2 913.0 912.9 912.7 912.6 912.5 912.4
961.7 963.3 964.7 965.9 967.0 967.9 968.7 969.3 969.8 970.1 970.3 970.3 970.2 969.9 969.6 969.1 968.5 967.7 966.9 966.0 965.0 963.9 962.7 961.5 960.2 958.9 957.5 956.1 954.6 953.2 951.7 950.2 948.7 947.2 945.8 944.3 942.9 941.5 940.2 938.8 937.5 936.3 935.1 933.9 932.8 931.8 930.7 929.8 928.9 928.0 927.2 926.4 925.7 925.0 924.4 923.8 923.2 922.7 922.2 921.8 921.4 921.0 920.7 920.4 920.1 919.8 919.6 919.4 919.2 919.0 918.9 918.7 918.6 918.5 918.4
964.6 966.1 967.4 968.6 969.6 970.5 971.2 971.8 972.2 972.5 972.7 972.7 972.6 972.4 972.1 971.6 971.0 970.4 969.6 968.8 967.8 966.8 965.7 964.6 963.4 962.2 960.9 959.6 958.3 956.9 955.6 954.2 952.8 951.5 950.1 948.8 947.5 946.2 944.9 943.7 942.5 941.4 940.2 939.2 938.1 937.2 936.2 935.3 934.5 933.7 932.9 932.2 931.5 930.9 930.3 929.8 929.3 928.8 928.4 928.0 927.6 927.2 926.9 926.6 926.4 926.1 925.9 925.7 925.6 925.4 925.3 925.1 925.0 924.9 924.8
968.2 969.5 970.7 971.8 972.8 973.6 974.3 974.8 975.3 975.5 975.7 975.7 975.7 975.5 975.1 974.7 974.2 973.6 972.9 972.1 971.3 970.3 969.4 968.3 967.2 966.1 964.9 963.7 962.5 961.2 960.0 958.7 957.4 956.2 954.9 953.7 952.5 951.3 950.1 949.0 947.9 946.8 945.8 944.8 943.9 943.0 942.1 941.3 940.5 939.8 939.1 938.4 937.8 937.2 936.7 936.2 935.7 935.3 934.9 934.5 934.1 933.8 933.5 933.3 933.0 932.8 932.6 932.4 932.3 932.1 932.0 931.9 931.8 931.7 931.6
972.3 973.5 974.7 975.7 976.6 977.3 978.0 978.5 978.9 979.2 979.3 979.4 979.3 979.1 978.8 978.4 978.0 977.4 976.8 976.1 975.3 974.4 973.5 972.5 971.5 970.5 969.4 968.3 967.2 966.0 964.9 963.7 962.5 961.4 960.2 959.1 958.0 956.9 955.8 954.8 953.8 952.8 951.8 950.9 950.0 949.2 948.4 947.6 946.9 946.2 945.6 945.0 944.4 943.9 943.4 942.9 942.5 942.1 941.7 941.4 941.1 940.8 940.5 940.3 940.0 939.8 939.7 939.5 939.3 939.2 939.1 939.0 938.9 938.8 938.7
976.9 978.1 979.1 980.1 980.9 981.6 982.2 982.7 983.1 983.3 983.5 983.5 983.5 983.3 983.1 982.7 982.3 981.8 981.2 980.5 979.8 979.0 978.2 977.3 976.4 975.4 974.4 973.4 972.3 971.3 970.2 969.2 968.1 967.0 966.0 964.9 963.9 962.9 961.9 960.9 960.0 959.1 958.2 957.4 956.6 955.8 955.1 954.4 953.7 953.1 952.5 951.9 951.4 950.9 950.5 950.0 949.6 949.3 948.9 948.6 948.3 948.1 947.8 947.6 947.4 947.2 947.0 946.9 946.7 946.6 946.5 946.4 946.3 946.2 946.2
982.0 983.1 984.1 985.0 985.8 986.5 987.0 987.5 987.8 988.1 988.2 988.2 988.2 988.0 987.8 987.5 987.1 986.6 986.1 985.5 984.8 984.1 983.4 982.5 981.7 980.8 979.9 978.9 978.0 977.0 976.0 975.1 974.1 973.1 972.1 971.2 970.2 969.3 968.4 967.5 966.7 965.8 965.0 964.3 963.5 962.8 962.1 961.5 960.9 960.3 959.8 959.2 958.8 958.3 957.9 957.5 957.1 956.8 956.5 956.2 955.9 955.7 955.4 955.2 955.0 954.9 954.7 954.6 954.5 954.3 954.2 954.1 954.1 954.0 953.9
987.7 988.7 989.6 990.4 991.1 991.8 992.3 992.7 993.0 993.3 993.4 993.4 993.4 993.3 993.1 992.8 992.4 992.0 991.5 990.9 990.3 989.7 989.0 988.2 987.5 986.6 985.8 984.9 984.1 983.2 982.3 981.4 980.5 979.6 978.7 977.8 976.9 976.1 975.3 974.4 973.7 972.9 972.2 971.4 970.8 970.1 969.5 968.9 968.3 967.8 967.3 966.8 966.4 966.0 965.6 965.2 964.9 964.6 964.3 964.0 963.8 963.6 963.4 963.2 963.0 962.8 962.7 962.6 962.5 962.3 962.3 962.2 962.1 962.0 962.0
993.7 994.7 995.5 996.3 996.9 997.5 998.0 998.4 998.7 998.9 999.0 999.1 999.0 998.9 998.7 998.5 998.2 997.8 997.3 996.8 996.3 995.7 995.0 994.3 993.6 992.9 992.1 991.3 990.5 989.7 988.9 988.1 987.2 986.4 985.6 984.8 984.0 983.2 982.4 981.7 981.0 980.3 979.6 979.0 978.3 977.7 977.2 976.6 976.1 975.6 975.2 974.7 974.3 973.9 973.6 973.3 972.9 972.7 972.4 972.2 971.9 971.7 971.5 971.4 971.2 971.1 970.9 970.8 970.7 970.6 970.5 970.4 970.4 970.3 970.3
