india_real_boundary_raster_layer_output/demo_india_annual_rainfall_raster.asc
ncols 280
nrows 290
xllcorner 66.0
yllcorner 5.0
cellsize 0.12
NODATA_value -9999
[rows 132 to 164 of 290, columns 0 to 74 of 280]
797.8 793.5 788.9 784.0 778.8 773.4 767.7 761.7 755.4 748.9 742.1 735.0 727.6 720.0 712.1 703.9 695.6 687.0 678.3 669.3 660.2 651.0 641.7 632.2 622.8 613.2 603.7 594.3 584.8 575.5 566.4 557.3 548.5 539.9 531.6 523.6 515.9 508.6 501.7 495.2 489.2 483.7 478.7 474.2 470.2 466.8 464.0 461.8 460.2 459.3 458.9 459.2 460.1 461.6 463.8 466.6 470.0 474.1 478.8 484.1 489.9 496.4 503.4 511.0 519.1 527.6 536.4 545.6 555.1 564.7 574.3 584.0 593.6 603.0 612.3
800.5 796.4 792.0 787.4 782.5 777.3 771.9 766.2 760.3 754.0 747.6 740.8 733.8 726.6 719.1 711.4 703.4 695.3 687.0 678.5 669.9 661.1 652.2 643.3 634.3 625.2 616.2 607.2 598.3 589.4 580.7 572.1 563.7 555.6 547.6 540.0 532.7 525.7 519.2 513.0 507.2 501.9 497.1 492.8 489.0 485.8 483.1 480.9 479.4 478.4 478.0 478.2 479.0 480.4 482.4 485.0 488.2 492.1 496.5 501.5 507.1 513.3 520.0 527.2 535.0 543.1 551.6 560.5 569.5 578.8 588.0 597.3 606.4 615.4 624.1
803.1 799.2 795.1 790.7 786.0 781.2 776.0 770.6 765.0 759.1 753.0 746.6 740.0 733.1 726.0 718.7 711.2 703.5 695.6 687.5 679.4 671.0 662.6 654.2 645.6 637.0 628.5 619.9 611.5 603.0 594.8 586.6 578.7 570.9 563.4 556.1 549.2 542.6 536.3 530.4 524.9 519.9 515.3 511.1 507.5 504.4 501.8 499.7 498.1 497.1 496.7 496.9 497.6 498.8 500.7 503.1 506.1 509.7 513.9 518.6 523.9 529.8 536.2 543.2 550.6 558.4 566.6 575.1 583.8 592.6 601.5 610.4 619.1 627.6 635.8
805.7 802.0 798.1 793.9 789.5 784.9 780.1 775.0 769.7 764.1 758.3 752.2 746.0 739.5 732.8 725.9 718.8 711.5 704.0 696.4 688.7 680.8 672.8 664.8 656.7 648.6 640.5 632.4 624.4 616.4 608.6 600.9 593.3 586.0 578.8 571.9 565.3 559.0 553.1 547.5 542.3 537.4 533.0 529.1 525.6 522.6 520.0 518.0 516.5 515.5 515.0 515.1 515.7 516.8 518.5 520.8 523.6 526.9 530.8 535.3 540.4 546.0 552.1 558.7 565.8 573.4 581.2 589.4 597.8 606.3 614.8 623.2 631.5 639.5 647.3
808.2 804.7 801.0 797.1 793.0 788.6 784.0 779.2 774.2 768.9 763.5 757.8 751.9 745.7 739.4 732.9 726.2 719.3 712.2 705.1 697.7 690.3 682.8 675.2 667.6 659.9 652.3 644.6 637.0 629.5 622.1 614.8 607.6 600.6 593.9 587.4 581.1 575.1 569.5 564.1 559.2 554.6 550.4 546.6 543.2 540.3 537.9 535.9 534.4 533.4 532.9 532.9 533.4 534.4 535.9 537.9 540.5 543.7 547.4 551.6 556.4 561.7 567.5 573.9 580.7 587.9 595.5 603.4 611.5 619.6 627.8 635.8 643.7 651.3 658.5
810.6 807.4 803.9 800.2 796.3 792.2 787.9 783.4 778.6 773.7 768.5 763.2 757.6 751.8 745.8 739.7 733.4 726.9 720.3 713.5 706.6 699.6 692.5 685.4 678.2 670.9 663.7 656.5 649.3 642.2 635.2 628.3 621.5 614.9 608.6 602.4 596.4 590.8 585.4 580.3 575.6 571.2 567.2 563.6 560.4 557.6 555.2 553.3 551.8 550.8 550.2 550.1 550.5 551.4 552.7 554.6 557.0 559.9 563.4 567.3 571.9 576.9 582.5 588.6 595.2 602.1 609.4 617.0 624.8 632.6 640.4 648.1 655.6 662.7 669.5
813.0 809.9 806.7 803.2 799.5 795.7 791.6 787.4 782.9 778.3 773.4 768.4 763.1 757.7 752.1 746.3 740.4 734.3 728.0 721.7 715.2 708.6 701.9 695.2 688.4 681.6 674.8 668.0 661.2 654.5 647.9 641.4 635.0 628.8 622.8 616.9 611.3 606.0 600.9 596.1 591.6 587.4 583.6 580.1 577.0 574.3 572.0 570.1 568.6 567.6 566.9 566.8 567.1 567.8 569.0 570.7 572.9 575.6 578.8 582.6 586.9 591.7 597.0 602.8 609.1 615.9 622.9 630.2 637.7 645.3 652.8 660.1 667.2 673.9 680.3
815.3 812.4 809.4 806.1 802.7 799.1 795.3 791.3 787.1 782.7 778.2 773.4 768.5 763.4 758.2 752.7 747.2 741.4 735.6 729.6 723.5 717.3 711.1 704.7 698.4 692.0 685.5 679.1 672.8 666.5 660.2 654.1 648.1 642.2 636.5 631.0 625.7 620.6 615.8 611.2 607.0 603.0 599.3 596.0 593.0 590.4 588.2 586.3 584.8 583.8 583.1 582.8 583.0 583.6 584.7 586.2 588.2 590.7 593.7 597.2 601.3 605.8 611.0 616.6 622.6 629.1 635.9 643.0 650.3 657.6 664.8 671.8 678.5 684.8 690.7
817.5 814.8 812.0 808.9 805.7 802.3 798.8 795.0 791.1 787.0 782.8 778.3 773.7 769.0 764.0 758.9 753.7 748.3 742.9 737.2 731.5 725.7 719.9 713.9 707.9 701.9 695.9 689.9 683.9 678.0 672.1 666.4 660.7 655.2 649.8 644.6 639.6 634.8 630.2 625.9 621.8 618.0 614.5 611.3 608.5 605.9 603.7 601.9 600.4 599.3 598.6 598.3 598.3 598.8 599.7 601.1 602.9 605.2 607.9 611.2 615.1 619.4 624.3 629.7 635.6 641.9 648.5 655.4 662.4 669.4 676.4 683.1 689.5 695.4 700.9
819.7 817.2 814.5 811.6 808.6 805.5 802.1 798.6 795.0 791.2 787.2 783.0 778.7 774.3 769.7 764.9 760.0 755.0 749.8 744.6 739.3 733.8 728.3 722.8 717.2 711.5 705.9 700.2 694.6 689.1 683.6 678.1 672.8 667.6 662.5 657.6 652.9 648.3 644.0 639.9 636.0 632.4 629.1 626.0 623.3 620.8 618.7 616.9 615.4 614.2 613.4 613.0 613.0 613.3 614.1 615.2 616.9 619.0 621.5 624.6 628.3 632.4 637.1 642.3 648.0 654.1 660.6 667.2 674.1 680.9 687.6 694.0 700.1 705.7 710.7
821.7 819.4 816.9 814.2 811.4 808.5 805.4 802.1 798.7 795.1 791.4 787.6 783.5 779.4 775.1 770.6 766.1 761.4 756.6 751.7 746.7 741.6 736.4 731.2 726.0 720.7 715.4 710.2 704.9 699.7 694.5 689.4 684.4 679.5 674.7 670.1 665.6 661.3 657.2 653.3 649.7 646.2 643.0 640.1 637.4 635.0 632.9 631.1 629.6 628.4 627.6 627.1 626.9 627.1 627.7 628.7 630.2 632.1 634.5 637.4 640.8 644.8 649.3 654.3 659.9 665.8 672.1 678.6 685.3 691.9 698.4 704.6 710.4 715.6 720.2
823.7 821.5 819.2 816.7 814.1 811.4 808.5 805.4 802.3 798.9 795.5 791.9 788.1 784.2 780.2 776.1 771.8 767.5 763.0 758.4 753.7 749.0 744.2 739.3 734.4 729.5 724.6 719.6 714.7 709.8 705.0 700.2 695.5 690.9 686.4 682.0 677.8 673.8 669.9 666.2 662.7 659.4 656.3 653.5 650.9 648.5 646.5 644.7 643.2 642.0 641.0 640.4 640.2 640.2 640.7 641.5 642.8 644.5 646.7 649.5 652.7 656.5 660.9 665.8 671.2 677.0 683.2 689.6 696.1 702.6 708.9 714.8 720.3 725.2 729.4
825.6 823.5 821.4 819.1 816.7 814.1 811.4 808.6 805.7 802.6 799.3 796.0 792.5 788.9 785.2 781.3 777.4 773.3 769.1 764.8 760.5 756.1 751.6 747.1 742.5 737.9 733.3 728.7 724.1 719.5 714.9 710.5 706.1 701.7 697.5 693.4 689.4 685.6 681.9 678.3 675.0 671.9 668.9 666.2 663.7 661.4 659.3 657.6 656.0 654.7 653.8 653.1 652.7 652.6 652.9 653.6 654.7 656.3 658.3 660.8 663.9 667.6 671.8 676.6 681.9 687.6 693.7 700.0 706.4 712.8 718.9 724.7 729.9 734.5 738.3
827.4 825.5 823.5 821.3 819.1 816.7 814.2 811.6 808.9 806.0 803.0 799.9 796.7 793.3 789.9 786.3 782.6 778.8 774.9 771.0 766.9 762.8 758.6 754.4 750.2 745.9 741.6 737.3 732.9 728.7 724.4 720.2 716.1 712.0 708.0 704.2 700.4 696.7 693.3 689.9 686.7 683.7 680.9 678.2 675.8 673.5 671.5 669.7 668.1 666.8 665.8 665.0 664.5 664.3 664.4 665.0 665.9 667.3 669.2 671.6 674.5 678.0 682.1 686.8 692.0 697.7 703.7 709.9 716.3 722.6 728.6 734.2 739.2 743.5 747.0
829.1 827.3 825.5 823.5 821.4 819.2 816.9 814.5 811.9 809.3 806.5 803.6 800.6 797.5 794.3 791.0 787.6 784.1 780.5 776.8 773.0 769.2 765.3 761.4 757.4 753.4 749.4 745.4 741.4 737.4 733.4 729.4 725.6 721.7 718.0 714.3 710.8 707.3 704.0 700.8 697.8 694.9 692.1 689.6 687.2 685.0 682.9 681.1 679.5 678.2 677.0 676.1 675.5 675.2 675.2 675.6 676.4 677.6 679.3 681.6 684.4 687.8 691.8 696.4 701.6 707.2 713.2 719.4 725.7 731.9 737.9 743.3 748.1 752.2 755.3
830.7 829.0 827.3 825.5 823.6 821.6 819.4 817.2 814.8 812.4 809.8 807.2 804.4 801.5 798.5 795.5 792.3 789.0 785.7 782.3 778.8 775.2 771.6 768.0 764.3 760.6 756.8 753.1 749.3 745.6 741.9 738.2 734.5 730.9 727.4 723.9 720.6 717.3 714.1 711.1 708.2 705.4 702.7 700.2 697.9 695.7 693.7 691.9 690.2 688.8 687.6 686.6 685.8 685.4 685.3 685.5 686.1 687.2 688.8 690.9 693.6 696.9 700.9 705.4 710.6 716.2 722.2 728.4 734.7 740.9 746.8 752.1 756.8 760.6 763.4
832.2 830.7 829.1 827.4 825.7 823.8 821.8 819.8 817.6 815.3 813.0 810.5 807.9 805.3 802.5 799.7 796.7 793.7 790.6 787.5 784.2 780.9 777.6 774.2 770.8 767.3 763.8 760.3 756.8 753.3 749.8 746.4 742.9 739.6 736.2 733.0 729.8 726.7 723.7 720.7 717.9 715.2 712.7 710.2 707.9 705.7 703.7 701.9 700.2 698.7 697.4 696.3 695.4 694.9 694.6 694.7 695.2 696.1 697.5 699.6 702.2 705.4 709.3 713.9 719.0 724.7 730.7 737.0 743.3 749.6 755.4 760.7 765.1 768.7 771.2
833.6 832.2 830.8 829.2 827.6 825.9 824.1 822.2 820.2 818.1 815.9 813.6 811.2 808.8 806.2 803.6 800.9 798.1 795.3 792.3 789.3 786.3 783.2 780.0 776.8 773.6 770.4 767.1 763.8 760.6 757.3 754.1 750.9 747.7 744.5 741.4 738.4 735.5 732.6 729.8 727.1 724.5 721.9 719.5 717.3 715.1 713.1 711.2 709.4 707.9 706.5 705.3 704.3 703.6 703.2 703.2 703.5 704.3 705.6 707.5 710.1 713.3 717.2 721.7 726.9 732.6 738.8 745.1 751.6 757.8 763.7 768.9 773.3 776.6 778.8
834.9 833.7 832.3 830.9 829.4 827.8 826.2 824.4 822.6 820.7 818.6 816.6 814.4 812.1 809.8 807.3 804.8 802.3 799.6 796.9 794.1 791.3 788.4 785.5 782.5 779.5 776.5 773.5 770.4 767.4 764.3 761.3 758.2 755.2 752.3 749.4 746.5 743.6 740.9 738.2 735.6 733.0 730.6 728.2 726.0 723.8 721.7 719.8 718.0 716.4 714.9 713.6 712.5 711.7 711.1 710.9 711.1 711.8 713.1 714.9 717.4 720.5 724.4 729.0 734.3 740.1 746.4 752.9 759.4 765.8 771.7 776.9 781.1 784.3 786.2
836.2 835.0 833.8 832.5 831.1 829.7 828.2 826.5 824.8 823.1 821.2 819.3 817.3 815.2 813.0 810.8 808.5 806.1 803.7 801.2 798.6 796.0 793.3 790.6 787.9 785.1 782.3 779.4 776.6 773.7 770.9 768.0 765.1 762.3 759.5 756.7 754.0 751.3 748.6 746.0 743.5 741.0 738.6 736.2 734.0 731.8 729.7 727.8 725.9 724.2 722.6 721.2 720.0 719.0 718.4 718.0 718.1 718.7 719.8 721.6 724.0 727.2 731.1 735.8 741.2 747.1 753.5 760.2 766.9 773.4 779.4 784.6 788.8 791.8 793.5
837.4 836.3 835.2 834.0 832.7 831.4 830.0 828.5 827.0 825.3 823.6 821.9 820.0 818.1 816.1 814.1 811.9 809.7 807.5 805.2 802.8 800.4 797.9 795.4 792.8 790.2 787.6 785.0 782.3 779.6 776.9 774.2 771.6 768.9 766.2 763.6 760.9 758.3 755.8 753.2 750.8 748.3 746.0 743.7 741.4 739.2 737.1 735.1 733.2 731.3 729.7 728.1 726.8 725.7 724.9 724.5 724.4 724.9 726.0 727.7 730.1 733.3 737.3 742.1 747.6 753.7 760.3 767.2 774.1 780.8 786.9 792.1 796.3 799.2 800.6
838.5 837.5 836.5 835.4 834.2 833.0 831.7 830.4 828.9 827.4 825.9 824.3 822.6 820.8 819.0 817.1 815.1 813.1 811.0 808.9 806.7 804.5 802.2 799.8 797.4 795.0 792.6 790.1 787.6 785.1 782.6 780.0 777.5 774.9 772.4 769.9 767.4 764.9 762.4 759.9 757.5 755.1 752.8 750.5 748.2 746.0 743.8 741.7 739.7 737.8 736.1 734.4 733.0 731.8 730.8 730.3 730.1 730.5 731.5 733.2 735.6 738.9 742.9 747.9 753.5 759.9 766.7 773.9 781.0 787.9 794.2 799.5 803.7 806.5 807.7
839.5 838.6 837.7 836.7 835.6 834.5 833.3 832.1 830.8 829.4 828.0 826.5 824.9 823.3 821.6 819.9 818.1 816.2 814.3 812.3 810.3 808.2 806.1 803.9 801.7 799.5 797.2 794.9 792.5 790.2 787.8 785.4 783.0 780.6 778.1 775.7 773.3 770.9 768.5 766.1 763.7 761.3 759.0 756.7 754.4 752.2 750.0 747.8 745.7 743.7 741.9 740.1 738.5 737.2 736.2 735.5 735.2 735.5 736.5 738.1 740.6 743.9 748.1 753.2 759.1 765.7 772.8 780.3 787.7 794.8 801.3 806.8 811.0 813.7 814.7
840.4 839.6 838.8 837.9 836.9 835.9 834.8 833.7 832.5 831.2 829.9 828.5 827.1 825.6 824.1 822.5 820.8 819.1 817.3 815.5 813.6 811.7 809.7 807.7 805.7 803.6 801.4 799.3 797.1 794.8 792.6 790.3 788.0 785.7 783.4 781.1 778.7 776.4 774.0 771.7 769.3 767.0 764.7 762.3 760.0 757.8 755.5 753.3 751.1 749.0 747.0 745.2 743.5 742.0 740.9 740.1 739.7 740.0 740.9 742.5 745.0 748.4 752.8 758.1 764.2 771.1 778.6 786.4 794.1 801.6 808.3 813.9 818.2 820.9 821.6
841.3 840.6 839.8 839.0 838.1 837.1 836.2 835.1 834.0 832.9 831.7 830.4 829.1 827.8 826.4 824.9 823.4 821.8 820.1 818.5 816.7 814.9 813.1 811.2 809.3 807.3 805.3 803.3 801.2 799.1 797.0 794.8 792.6 790.4 788.2 785.9 783.7 781.4 779.1 776.8 774.5 772.1 769.8 767.5 765.1 762.8 760.5 758.2 756.0 753.8 751.7 749.7 747.9 746.3 745.0 744.1 743.7 743.9 744.7 746.4 749.0 752.5 757.1 762.6 769.0 776.3 784.1 792.3 800.4 808.2 815.2 821.1 825.4 828.0 828.6
842.1 841.4 840.7 840.0 839.2 838.3 837.4 836.5 835.5 834.4 833.3 832.2 831.0 829.7 828.4 827.1 825.7 824.2 822.7 821.2 819.5 817.9 816.2 814.4 812.6 810.8 808.9 807.0 805.1 803.1 801.0 799.0 796.9 794.8 792.6 790.4 788.2 786.0 783.7 781.4 779.1 776.8 774.4 772.1 769.7 767.3 765.0 762.6 760.2 758.0 755.7 753.6 751.7 750.0 748.6 747.6 747.1 747.3 748.1 749.8 752.5 756.2 760.9 766.7 773.5 781.2 789.4 798.0 806.6 814.7 822.1 828.2 832.7 835.3 835.7
842.9 842.2 841.6 840.9 840.2 839.4 838.6 837.7 836.8 835.9 834.9 833.8 832.7 831.6 830.4 829.1 827.8 826.5 825.1 823.6 822.1 820.6 819.0 817.4 815.7 814.0 812.2 810.4 808.5 806.7 804.7 802.7 800.7 798.7 796.6 794.5 792.3 790.1 787.9 785.6 783.3 781.0 778.6 776.2 773.8 771.4 768.9 766.5 764.0 761.6 759.3 757.1 755.0 753.2 751.7 750.6 750.1 750.2 751.0 752.8 755.6 759.4 764.4 770.6 777.7 785.8 794.5 803.6 812.6 821.2 829.0 835.3 840.0 842.6 842.9
843.5 843.0 842.4 841.8 841.1 840.4 839.7 838.9 838.0 837.2 836.3 835.3 834.3 833.2 832.1 831.0 829.8 828.5 827.2 825.9 824.5 823.1 821.6 820.1 818.5 816.9 815.2 813.5 811.7 809.9 808.1 806.2 804.2 802.2 800.2 798.1 796.0 793.8 791.6 789.4 787.1 784.7 782.3 779.9 777.4 774.9 772.4 769.9 767.3 764.8 762.4 760.1 757.9 756.0 754.3 753.2 752.6 752.6 753.5 755.3 758.3 762.3 767.6 774.1 781.7 790.2 799.5 809.1 818.6 827.7 835.9 842.6 847.4 850.0 850.2
844.2 843.7 843.1 842.6 842.0 841.3 840.6 839.9 839.2 838.4 837.5 836.6 835.7 834.7 833.7 832.7 831.6 830.4 829.2 828.0 826.7 825.3 824.0 822.5 821.0 819.5 817.9 816.3 814.6 812.9 811.1 809.3 807.4 805.4 803.5 801.4 799.3 797.2 795.0 792.7 790.4 788.0 785.6 783.1 780.6 778.1 775.4 772.8 770.2 767.6 765.0 762.6 760.3 758.2 756.5 755.3 754.6 754.7 755.6 757.5 760.6 764.9 770.5 777.4 785.4 794.5 804.3 814.5 824.6 834.3 842.9 849.9 855.0 857.7 857.8
844.7 844.3 843.8 843.3 842.7 842.1 841.5 840.9 840.2 839.4 838.7 837.9 837.0 836.1 835.2 834.2 833.2 832.1 831.0 829.9 828.6 827.4 826.1 824.7 823.3 821.9 820.4 818.8 817.2 815.6 813.8 812.1 810.2 808.3 806.4 804.4 802.3 800.2 798.0 795.7 793.4 791.0 788.5 786.0 783.4 780.8 778.1 775.3 772.6 769.9 767.2 764.6 762.2 760.1 758.3 757.0 756.3 756.3 757.3 759.4 762.6 767.2 773.1 780.4 789.0 798.6 809.1 819.9 830.7 840.9 850.0 857.5 862.8 865.6 865.5
845.2 844.8 844.4 843.9 843.4 842.9 842.3 841.7 841.1 840.4 839.7 839.0 838.2 837.4 836.5 835.6 834.7 833.7 832.6 831.6 830.4 829.3 828.0 826.7 825.4 824.0 822.6 821.1 819.6 818.0 816.3 814.6 812.8 810.9 809.0 807.0 804.9 802.8 800.6 798.3 796.0 793.6 791.0 788.5 785.8 783.1 780.3 777.5 774.6 771.8 769.0 766.3 763.8 761.6 759.7 758.3 757.6 757.6 758.7 760.9 764.4 769.2 775.6 783.3 792.4 802.7 813.8 825.3 836.8 847.6 857.3 865.2 870.8 873.7 873.6
845.7 845.3 844.9 844.5 844.1 843.6 843.1 842.5 841.9 841.3 840.7 840.0 839.3 838.5 837.7 836.9 836.0 835.1 834.1 833.1 832.0 830.9 829.8 828.6 827.3 826.0 824.6 823.2 821.7 820.1 818.5 816.8 815.0 813.2 811.3 809.3 807.3 805.2 802.9 800.6 798.3 795.8 793.2 790.6 787.9 785.1 782.2 779.3 776.3 773.4 770.5 767.7 765.0 762.7 760.7 759.3 758.5 758.6 759.8 762.1 765.8 771.0 777.8 786.1 795.8 806.7 818.5 830.8 843.0 854.5 864.8 873.2 879.2 882.2 882.0
846.1 845.8 845.4 845.1 844.6 844.2 843.7 843.2 842.7 842.1 841.6 840.9 840.3 839.6 838.8 838.0 837.2 836.4 835.4 834.5 833.5 832.4 831.3 830.2 829.0 827.7 826.4 825.0 823.5 822.0 820.4 818.8 817.1 815.2 813.4 811.4 809.3 807.2 805.0 802.6 800.2 797.7 795.1 792.4 789.6 786.7 783.7 780.7 777.7 774.6 771.6 768.7 765.9 763.5 761.4 759.9 759.2 759.3 760.6 763.1 767.1 772.7 779.9 788.7 799.1 810.7 823.3 836.4 849.4 861.6 872.6 881.5 887.8 891.0 890.8
