india_real_boundary_raster_layer_output/demo_india_annual_rainfall_raster.asc
ncols 280
nrows 290
xllcorner 66.0
yllcorner 5.0
cellsize 0.12
NODATA_value -9999
[rows 33 to 65 of 290, columns 75 to 149 of 280]
871.0 871.6 872.2 872.9 873.5 874.2 874.8 875.4 876.0 876.6 877.3 877.8 878.4 879.0 879.6 880.1 880.6 881.2 881.7 882.1 882.6 883.1 883.5 883.9 884.3 884.7 885.1 885.4 885.7 886.0 886.3 886.6 886.8 887.0 887.2 887.4 887.5 887.6 887.7 887.8 887.8 887.9 887.9 887.9 887.8 887.7 887.7 887.5 887.4 887.3 887.1 886.9 886.7 886.4 886.2 885.9 885.6 885.3 884.9 884.6 884.2 883.8 883.4 883.0 882.6 882.1 881.7 881.2 880.7 880.3 879.8 879.3 878.7 878.2 877.7
874.2 875.0 875.7 876.4 877.2 877.9 878.6 879.4 880.1 880.8 881.5 882.2 882.8 883.5 884.2 884.8 885.4 886.0 886.6 887.1 887.7 888.2 888.7 889.2 889.7 890.1 890.5 890.9 891.3 891.6 892.0 892.3 892.5 892.8 893.0 893.2 893.3 893.5 893.6 893.7 893.7 893.8 893.8 893.7 893.7 893.6 893.5 893.4 893.2 893.1 892.8 892.6 892.4 892.1 891.8 891.5 891.1 890.8 890.4 890.0 889.5 889.1 888.6 888.1 887.7 887.1 886.6 886.1 885.5 885.0 884.4 883.8 883.2 882.6 882.0
877.9 878.7 879.6 880.4 881.3 882.1 883.0 883.8 884.6 885.4 886.2 887.0 887.8 888.6 889.3 890.0 890.7 891.4 892.1 892.8 893.4 894.0 894.6 895.1 895.7 896.2 896.7 897.1 897.5 897.9 898.3 898.6 899.0 899.2 899.5 899.7 899.9 900.1 900.2 900.3 900.3 900.4 900.4 900.4 900.3 900.2 900.1 899.9 899.8 899.6 899.3 899.1 898.8 898.5 898.1 897.7 897.3 896.9 896.5 896.0 895.5 895.0 894.5 893.9 893.3 892.8 892.2 891.5 890.9 890.2 889.6 888.9 888.2 887.5 886.8
882.0 882.9 883.9 884.9 885.9 886.9 887.8 888.8 889.7 890.6 891.6 892.5 893.4 894.2 895.1 895.9 896.7 897.5 898.3 899.0 899.8 900.5 901.1 901.8 902.4 903.0 903.5 904.0 904.5 905.0 905.4 905.8 906.1 906.5 906.8 907.0 907.2 907.4 907.6 907.7 907.7 907.8 907.8 907.8 907.7 907.6 907.5 907.3 907.1 906.8 906.6 906.3 905.9 905.6 905.2 904.8 904.3 903.8 903.3 902.8 902.2 901.6 901.0 900.4 899.7 899.0 898.4 897.6 896.9 896.2 895.4 894.6 893.8 893.0 892.2
886.5 887.6 888.7 889.9 891.0 892.1 893.2 894.3 895.4 896.4 897.5 898.5 899.5 900.5 901.5 902.5 903.4 904.3 905.2 906.0 906.9 907.7 908.4 909.1 909.8 910.5 911.1 911.7 912.3 912.8 913.3 913.8 914.2 914.5 914.9 915.1 915.4 915.6 915.8 915.9 916.0 916.0 916.0 916.0 915.9 915.8 915.7 915.5 915.2 915.0 914.7 914.3 913.9 913.5 913.1 912.6 912.0 911.5 910.9 910.3 909.7 909.0 908.3 907.6 906.8 906.0 905.3 904.4 903.6 902.8 901.9 901.0 900.1 899.2 898.3
891.5 892.8 894.1 895.4 896.6 897.9 899.2 900.4 901.6 902.9 904.1 905.2 906.4 907.5 908.6 909.7 910.8 911.8 912.8 913.8 914.7 915.6 916.5 917.3 918.1 918.9 919.6 920.3 920.9 921.5 922.1 922.6 923.0 923.5 923.8 924.2 924.5 924.7 924.9 925.0 925.1 925.2 925.2 925.2 925.1 924.9 924.8 924.5 924.3 924.0 923.6 923.2 922.8 922.3 921.8 921.2 920.6 920.0 919.4 918.7 917.9 917.2 916.4 915.5 914.7 913.8 912.9 912.0 911.0 910.1 909.1 908.1 907.0 906.0 905.0
897.1 898.5 900.0 901.4 902.9 904.3 905.7 907.2 908.5 909.9 911.3 912.6 913.9 915.2 916.5 917.7 918.9 920.1 921.3 922.4 923.4 924.4 925.4 926.4 927.3 928.1 929.0 929.7 930.5 931.1 931.8 932.3 932.9 933.3 933.8 934.1 934.5 934.7 935.0 935.1 935.2 935.3 935.3 935.3 935.2 935.0 934.8 934.6 934.3 933.9 933.5 933.1 932.6 932.0 931.4 930.8 930.1 929.4 928.7 927.9 927.1 926.2 925.3 924.4 923.4 922.4 921.4 920.3 919.2 918.1 917.0 915.9 914.7 913.5 912.3
903.1 904.8 906.4 908.1 909.7 911.3 913.0 914.6 916.1 917.7 919.2 920.8 922.2 923.7 925.1 926.5 927.9 929.2 930.5 931.8 933.0 934.1 935.2 936.3 937.3 938.3 939.2 940.1 940.9 941.7 942.4 943.1 943.7 944.2 944.7 945.1 945.5 945.8 946.0 946.2 946.3 946.4 946.4 946.4 946.2 946.1 945.9 945.6 945.2 944.8 944.4 943.9 943.3 942.7 942.1 941.3 940.6 939.8 938.9 938.0 937.1 936.1 935.1 934.0 933.0 931.8 930.7 929.5 928.3 927.0 925.8 924.5 923.2 921.8 920.5
909.8 911.6 913.5 915.3 917.2 919.0 920.8 922.6 924.4 926.2 927.9 929.6 931.3 933.0 934.6 936.1 937.7 939.2 940.6 942.0 943.4 944.7 946.0 947.2 948.3 949.4 950.5 951.5 952.4 953.2 954.0 954.8 955.5 956.1 956.6 957.1 957.5 957.8 958.1 958.3 958.5 958.6 958.6 958.5 958.4 958.2 957.9 957.6 957.2 956.8 956.3 955.7 955.1 954.4 953.7 952.9 952.0 951.1 950.1 949.1 948.1 947.0 945.8 944.6 943.4 942.2 940.8 939.5 938.1 936.7 935.3 933.9 932.4 930.9 929.4
916.9 919.0 921.1 923.2 925.3 927.4 929.4 931.4 933.4 935.4 937.4 939.3 941.2 943.0 944.8 946.6 948.3 950.0 951.7 953.2 954.8 956.2 957.7 959.0 960.3 961.5 962.7 963.8 964.9 965.8 966.7 967.5 968.3 969.0 969.6 970.1 970.6 971.0 971.3 971.5 971.7 971.8 971.8 971.7 971.6 971.4 971.1 970.8 970.3 969.8 969.3 968.6 967.9 967.1 966.3 965.4 964.5 963.4 962.4 961.2 960.1 958.8 957.5 956.2 954.8 953.4 951.9 950.4 948.9 947.3 945.7 944.1 942.4 940.7 939.0
924.7 927.1 929.4 931.7 934.1 936.4 938.7 940.9 943.2 945.4 947.6 949.7 951.9 953.9 956.0 957.9 959.9 961.8 963.6 965.4 967.1 968.7 970.3 971.8 973.3 974.7 976.0 977.2 978.4 979.5 980.5 981.4 982.2 983.0 983.7 984.3 984.8 985.2 985.6 985.9 986.0 986.1 986.2 986.1 985.9 985.7 985.4 985.0 984.5 983.9 983.3 982.6 981.8 981.0 980.0 979.0 978.0 976.8 975.6 974.3 973.0 971.6 970.2 968.7 967.2 965.6 964.0 962.3 960.6 958.8 957.0 955.2 953.3 951.5 949.5
933.0 935.7 938.3 940.9 943.5 946.1 948.6 951.2 953.7 956.2 958.6 961.0 963.4 965.7 967.9 970.2 972.3 974.4 976.5 978.4 980.3 982.2 984.0 985.7 987.3 988.8 990.3 991.7 993.0 994.2 995.3 996.3 997.3 998.1 998.9 999.6 1000.1 1000.6 1001.0 1001.3 1001.5 1001.6 1001.6 1001.6 1001.4 1001.1 1000.8 1000.3 999.8 999.2 998.5 997.7 996.8 995.9 994.8 993.7 992.5 991.2 989.9 988.5 987.0 985.5 983.9 982.2 980.5 978.7 976.9 975.1 973.1 971.2 969.2 967.2 965.1 963.0 960.9
942.0 944.9 947.8 950.7 953.6 956.5 959.3 962.1 964.9 967.7 970.4 973.1 975.7 978.3 980.8 983.2 985.7 988.0 990.3 992.5 994.6 996.6 998.6 1000.5 1002.3 1004.0 1005.6 1007.2 1008.6 1009.9 1011.2 1012.3 1013.4 1014.3 1015.2 1015.9 1016.6 1017.1 1017.6 1017.9 1018.1 1018.2 1018.3 1018.2 1018.0 1017.7 1017.3 1016.8 1016.2 1015.6 1014.8 1013.9 1012.9 1011.9 1010.7 1009.5 1008.1 1006.7 1005.3 1003.7 1002.1 1000.4 998.6 996.7 994.8 992.9 990.8 988.8 986.6 984.5 982.3 980.0 977.7 975.4 973.0
951.4 954.7 957.9 961.1 964.3 967.5 970.7 973.8 976.9 979.9 983.0 985.9 988.8 991.7 994.5 997.2 999.9 1002.5 1005.0 1007.4 1009.8 1012.0 1014.2 1016.3 1018.3 1020.2 1022.0 1023.7 1025.3 1026.8 1028.2 1029.5 1030.6 1031.7 1032.6 1033.5 1034.2 1034.8 1035.2 1035.6 1035.9 1036.0 1036.0 1035.9 1035.7 1035.4 1035.0 1034.4 1033.8 1033.0 1032.2 1031.2 1030.1 1029.0 1027.7 1026.3 1024.8 1023.3 1021.7 1019.9 1018.1 1016.2 1014.3 1012.2 1010.1 1008.0 1005.7 1003.4 1001.1 998.7 996.2 993.8 991.2 988.7 986.0
961.4 965.0 968.6 972.1 975.7 979.2 982.7 986.2 989.6 993.0 996.3 999.6 1002.8 1005.9 1009.0 1012.0 1015.0 1017.8 1020.6 1023.3 1025.9 1028.4 1030.8 1033.1 1035.3 1037.4 1039.4 1041.3 1043.1 1044.7 1046.2 1047.7 1048.9 1050.1 1051.1 1052.1 1052.8 1053.5 1054.0 1054.5 1054.7 1054.9 1054.9 1054.8 1054.6 1054.2 1053.8 1053.2 1052.5 1051.6 1050.7 1049.6 1048.4 1047.1 1045.7 1044.2 1042.6 1040.9 1039.1 1037.2 1035.2 1033.1 1031.0 1028.7 1026.4 1024.0 1021.6 1019.0 1016.4 1013.8 1011.1 1008.4 1005.6 1002.7 999.9
971.9 975.9 979.8 983.7 987.6 991.5 995.4 999.2 1002.9 1006.7 1010.3 1013.9 1017.5 1021.0 1024.4 1027.7 1030.9 1034.1 1037.1 1040.1 1043.0 1045.7 1048.4 1050.9 1053.3 1055.6 1057.8 1059.9 1061.8 1063.7 1065.3 1066.9 1068.3 1069.6 1070.7 1071.7 1072.6 1073.3 1073.9 1074.4 1074.7 1074.9 1074.9 1074.8 1074.5 1074.2 1073.6 1073.0 1072.2 1071.3 1070.2 1069.1 1067.8 1066.4 1064.8 1063.2 1061.4 1059.5 1057.5 1055.5 1053.3 1051.0 1048.6 1046.2 1043.6 1041.0 1038.3 1035.5 1032.7 1029.8 1026.8 1023.8 1020.8 1017.7 1014.5
982.9 987.2 991.6 995.9 1000.2 1004.4 1008.6 1012.8 1017.0 1021.0 1025.1 1029.0 1032.9 1036.7 1040.5 1044.1 1047.7 1051.1 1054.5 1057.7 1060.9 1063.9 1066.8 1069.6 1072.3 1074.8 1077.2 1079.5 1081.6 1083.6 1085.4 1087.1 1088.7 1090.1 1091.3 1092.4 1093.4 1094.2 1094.8 1095.3 1095.7 1095.9 1095.9 1095.8 1095.5 1095.1 1094.5 1093.8 1093.0 1092.0 1090.8 1089.6 1088.1 1086.6 1084.9 1083.1 1081.2 1079.1 1077.0 1074.7 1072.3 1069.8 1067.2 1064.5 1061.7 1058.9 1055.9 1052.9 1049.8 1046.6 1043.4 1040.1 1036.7 1033.3 1029.9
994.3 999.0 1003.8 1008.5 1013.2 1017.8 1022.4 1027.0 1031.5 1036.0 1040.4 1044.7 1049.0 1053.2 1057.3 1061.2 1065.1 1068.9 1072.6 1076.1 1079.6 1082.9 1086.1 1089.1 1092.0 1094.8 1097.4 1099.9 1102.2 1104.4 1106.4 1108.3 1110.0 1111.5 1112.9 1114.1 1115.1 1116.0 1116.7 1117.3 1117.6 1117.8 1117.9 1117.8 1117.5 1117.0 1116.4 1115.6 1114.7 1113.6 1112.4 1111.0 1109.4 1107.8 1105.9 1104.0 1101.9 1099.6 1097.3 1094.8 1092.2 1089.5 1086.6 1083.7 1080.7 1077.6 1074.3 1071.0 1067.7 1064.2 1060.7 1057.1 1053.5 1049.8 1046.0
1006.0 1011.2 1016.4 1021.5 1026.6 1031.7 1036.7 1041.7 1046.7 1051.5 1056.3 1061.1 1065.7 1070.2 1074.7 1079.0 1083.3 1087.4 1091.4 1095.3 1099.0 1102.6 1106.1 1109.4 1112.6 1115.6 1118.5 1121.2 1123.7 1126.1 1128.3 1130.3 1132.1 1133.8 1135.3 1136.6 1137.8 1138.7 1139.5 1140.1 1140.5 1140.7 1140.8 1140.6 1140.3 1139.8 1139.2 1138.3 1137.3 1136.2 1134.8 1133.3 1131.6 1129.8 1127.8 1125.7 1123.4 1121.0 1118.4 1115.7 1112.9 1110.0 1106.9 1103.7 1100.4 1097.0 1093.5 1090.0 1086.3 1082.5 1078.7 1074.8 1070.9 1066.9 1062.8
1018.0 1023.7 1029.3 1034.9 1040.4 1045.9 1051.4 1056.8 1062.2 1067.5 1072.7 1077.8 1082.9 1087.8 1092.7 1097.4 1102.0 1106.5 1110.8 1115.0 1119.1 1123.0 1126.8 1130.4 1133.8 1137.1 1140.2 1143.1 1145.9 1148.5 1150.8 1153.0 1155.0 1156.9 1158.5 1159.9 1161.2 1162.2 1163.0 1163.7 1164.1 1164.4 1164.5 1164.3 1164.0 1163.5 1162.7 1161.8 1160.8 1159.5 1158.0 1156.4 1154.6 1152.6 1150.5 1148.2 1145.7 1143.1 1140.3 1137.4 1134.3 1131.2 1127.8 1124.4 1120.9 1117.2 1113.4 1109.5 1105.6 1101.5 1097.4 1093.2 1088.9 1084.6 1080.2
1030.2 1036.3 1042.4 1048.5 1054.5 1060.5 1066.4 1072.3 1078.1 1083.8 1089.5 1095.0 1100.5 1105.9 1111.1 1116.2 1121.2 1126.0 1130.7 1135.3 1139.7 1143.9 1148.0 1151.9 1155.6 1159.2 1162.5 1165.7 1168.7 1171.5 1174.1 1176.4 1178.6 1180.6 1182.3 1183.9 1185.2 1186.4 1187.3 1188.0 1188.5 1188.7 1188.8 1188.7 1188.3 1187.8 1187.0 1186.0 1184.8 1183.5 1181.9 1180.2 1178.2 1176.1 1173.8 1171.3 1168.6 1165.8 1162.8 1159.7 1156.4 1153.0 1149.4 1145.7 1141.9 1137.9 1133.9 1129.7 1125.4 1121.1 1116.6 1112.1 1107.5 1102.8 1098.1
1042.5 1049.1 1055.7 1062.2 1068.7 1075.2 1081.6 1087.9 1094.2 1100.4 1106.5 1112.5 1118.4 1124.2 1129.8 1135.4 1140.7 1146.0 1151.1 1156.0 1160.7 1165.3 1169.7 1173.9 1177.9 1181.7 1185.4 1188.8 1192.0 1195.0 1197.8 1200.3 1202.7 1204.8 1206.7 1208.4 1209.8 1211.1 1212.0 1212.8 1213.3 1213.6 1213.7 1213.6 1213.2 1212.6 1211.8 1210.7 1209.5 1208.0 1206.3 1204.5 1202.4 1200.1 1197.6 1194.9 1192.1 1189.1 1185.9 1182.5 1179.0 1175.3 1171.5 1167.5 1163.4 1159.1 1154.8 1150.3 1145.7 1141.0 1136.3 1131.4 1126.4 1121.4 1116.3
1054.8 1061.9 1068.9 1076.0 1083.0 1090.0 1096.9 1103.7 1110.5 1117.1 1123.7 1130.2 1136.5 1142.7 1148.8 1154.7 1160.5 1166.2 1171.6 1176.9 1182.0 1186.9 1191.6 1196.2 1200.5 1204.6 1208.5 1212.2 1215.6 1218.9 1221.8 1224.6 1227.1 1229.4 1231.5 1233.3 1234.8 1236.1 1237.2 1238.0 1238.6 1238.9 1239.0 1238.9 1238.5 1237.8 1237.0 1235.9 1234.5 1232.9 1231.2 1229.1 1226.9 1224.5 1221.8 1219.0 1215.9 1212.7 1209.3 1205.7 1201.9 1198.0 1193.9 1189.6 1185.2 1180.7 1176.0 1171.3 1166.4 1161.3 1156.2 1151.0 1145.7 1140.4 1134.9
1066.9 1074.5 1082.1 1089.7 1097.2 1104.7 1112.1 1119.4 1126.7 1133.8 1140.9 1147.8 1154.6 1161.3 1167.8 1174.2 1180.4 1186.4 1192.3 1197.9 1203.4 1208.7 1213.8 1218.6 1223.2 1227.6 1231.8 1235.8 1239.5 1242.9 1246.1 1249.1 1251.8 1254.2 1256.4 1258.4 1260.0 1261.4 1262.6 1263.5 1264.1 1264.4 1264.5 1264.4 1264.0 1263.3 1262.4 1261.2 1259.8 1258.1 1256.2 1254.1 1251.7 1249.1 1246.3 1243.3 1240.0 1236.6 1232.9 1229.1 1225.1 1220.9 1216.5 1212.0 1207.3 1202.5 1197.5 1192.4 1187.2 1181.9 1176.4 1170.9 1165.2 1159.5 1153.7
1078.8 1087.0 1095.1 1103.2 1111.2 1119.2 1127.2 1135.0 1142.8 1150.4 1158.0 1165.4 1172.6 1179.8 1186.7 1193.6 1200.2 1206.6 1212.9 1219.0 1224.8 1230.4 1235.8 1241.0 1246.0 1250.7 1255.1 1259.3 1263.3 1267.0 1270.4 1273.6 1276.5 1279.1 1281.4 1283.5 1285.3 1286.8 1288.0 1289.0 1289.6 1290.0 1290.1 1290.0 1289.5 1288.8 1287.8 1286.6 1285.1 1283.3 1281.3 1279.1 1276.5 1273.8 1270.8 1267.6 1264.1 1260.5 1256.6 1252.6 1248.3 1243.8 1239.2 1234.4 1229.4 1224.3 1219.0 1213.6 1208.1 1202.4 1196.6 1190.8 1184.8 1178.7 1172.6
1090.4 1099.0 1107.7 1116.3 1124.9 1133.4 1141.9 1150.3 1158.5 1166.7 1174.7 1182.6 1190.4 1198.0 1205.4 1212.7 1219.8 1226.6 1233.3 1239.7 1246.0 1252.0 1257.7 1263.2 1268.5 1273.5 1278.3 1282.7 1287.0 1290.9 1294.5 1297.9 1301.0 1303.8 1306.3 1308.5 1310.4 1312.0 1313.3 1314.3 1315.0 1315.4 1315.6 1315.4 1315.0 1314.2 1313.2 1311.9 1310.3 1308.4 1306.3 1303.9 1301.3 1298.4 1295.2 1291.8 1288.2 1284.3 1280.2 1275.9 1271.4 1266.7 1261.8 1256.7 1251.5 1246.1 1240.5 1234.8 1228.9 1222.9 1216.8 1210.6 1204.2 1197.8 1191.3
1101.4 1110.6 1119.8 1129.0 1138.1 1147.2 1156.2 1165.1 1173.9 1182.5 1191.1 1199.5 1207.7 1215.8 1223.7 1231.4 1238.9 1246.2 1253.3 1260.1 1266.8 1273.1 1279.2 1285.1 1290.7 1296.0 1301.0 1305.8 1310.3 1314.4 1318.3 1321.9 1325.1 1328.1 1330.7 1333.1 1335.1 1336.8 1338.2 1339.3 1340.1 1340.5 1340.7 1340.5 1340.0 1339.3 1338.2 1336.8 1335.2 1333.2 1331.0 1328.5 1325.7 1322.6 1319.3 1315.7 1311.9 1307.8 1303.5 1299.0 1294.2 1289.3 1284.1 1278.8 1273.2 1267.5 1261.6 1255.6 1249.4 1243.1 1236.7 1230.1 1223.5 1216.7 1209.9
1111.7 1121.5 1131.3 1141.0 1150.7 1160.3 1169.8 1179.3 1188.6 1197.8 1206.8 1215.7 1224.5 1233.0 1241.4 1249.5 1257.5 1265.2 1272.7 1280.0 1287.0 1293.7 1300.2 1306.4 1312.3 1317.9 1323.2 1328.3 1333.0 1337.4 1341.5 1345.3 1348.7 1351.9 1354.7 1357.1 1359.3 1361.1 1362.6 1363.7 1364.6 1365.1 1365.2 1365.1 1364.6 1363.8 1362.7 1361.2 1359.5 1357.5 1355.1 1352.5 1349.5 1346.3 1342.9 1339.1 1335.1 1330.8 1326.3 1321.6 1316.6 1311.4 1306.0 1300.3 1294.5 1288.5 1282.4 1276.1 1269.6 1262.9 1256.2 1249.3 1242.3 1235.2 1228.0
1121.3 1131.6 1141.9 1152.2 1162.5 1172.6 1182.7 1192.7 1202.5 1212.2 1221.8 1231.2 1240.4 1249.5 1258.3 1266.9 1275.3 1283.5 1291.4 1299.0 1306.4 1313.5 1320.3 1326.9 1333.1 1339.1 1344.7 1350.0 1355.0 1359.6 1363.9 1367.9 1371.6 1374.9 1377.8 1380.4 1382.7 1384.6 1386.2 1387.4 1388.3 1388.8 1389.0 1388.9 1388.4 1387.6 1386.4 1384.9 1383.1 1381.0 1378.5 1375.8 1372.7 1369.4 1365.7 1361.8 1357.6 1353.1 1348.4 1343.5 1338.3 1332.8 1327.2 1321.3 1315.2 1308.9 1302.5 1295.9 1289.1 1282.2 1275.1 1267.9 1260.6 1253.2 1245.7
1129.9 1140.8 1151.7 1162.5 1173.3 1184.0 1194.6 1205.1 1215.5 1225.7 1235.8 1245.7 1255.4 1265.0 1274.3 1283.3 1292.2 1300.8 1309.1 1317.1 1324.9 1332.4 1339.6 1346.4 1353.0 1359.2 1365.1 1370.7 1375.9 1380.8 1385.4 1389.6 1393.4 1396.9 1400.0 1402.7 1405.1 1407.2 1408.8 1410.1 1411.1 1411.6 1411.8 1411.7 1411.2 1410.3 1409.2 1407.6 1405.7 1403.5 1401.0 1398.1 1394.9 1391.5 1387.7 1383.6 1379.2 1374.6 1369.7 1364.5 1359.1 1353.4 1347.5 1341.4 1335.1 1328.5 1321.8 1314.9 1307.9 1300.7 1293.3 1285.8 1278.2 1270.4 1262.6
1137.4 1148.9 1160.3 1171.7 1183.1 1194.3 1205.5 1216.5 1227.4 1238.2 1248.7 1259.1 1269.3 1279.3 1289.1 1298.6 1307.9 1316.9 1325.6 1334.1 1342.2 1350.1 1357.6 1364.8 1371.7 1378.2 1384.4 1390.3 1395.8 1400.9 1405.6 1410.0 1414.1 1417.7 1421.0 1423.9 1426.4 1428.5 1430.3 1431.6 1432.6 1433.2 1433.5 1433.3 1432.8 1432.0 1430.7 1429.1 1427.2 1424.9 1422.3 1419.3 1416.0 1412.4 1408.5 1404.3 1399.7 1394.9 1389.8 1384.5 1378.8 1373.0 1366.8 1360.5 1353.9 1347.2 1340.2 1333.0 1325.7 1318.2 1310.6 1302.8 1294.9 1286.8 1278.7
1143.7 1155.7 1167.7 1179.7 1191.6 1203.4 1215.1 1226.6 1238.1 1249.3 1260.4 1271.3 1282.0 1292.4 1302.7 1312.6 1322.3 1331.8 1340.9 1349.7 1358.2 1366.5 1374.3 1381.9 1389.0 1395.9 1402.4 1408.5 1414.2 1419.6 1424.5 1429.1 1433.3 1437.1 1440.6 1443.6 1446.2 1448.4 1450.3 1451.7 1452.8 1453.4 1453.7 1453.6 1453.1 1452.2 1450.9 1449.3 1447.3 1445.0 1442.2 1439.2 1435.8 1432.1 1428.0 1423.6 1419.0 1414.0 1408.7 1403.2 1397.4 1391.3 1385.0 1378.4 1371.6 1364.6 1357.4 1350.0 1342.4 1334.7 1326.8 1318.7 1310.6 1302.3 1293.9
1148.7 1161.3 1173.8 1186.3 1198.7 1211.0 1223.3 1235.4 1247.3 1259.1 1270.6 1282.0 1293.2 1304.1 1314.7 1325.2 1335.3 1345.1 1354.6 1363.9 1372.7 1381.3 1389.5 1397.4 1404.9 1412.0 1418.7 1425.1 1431.1 1436.6 1441.8 1446.6 1451.0 1455.0 1458.5 1461.7 1464.4 1466.8 1468.7 1470.2 1471.3 1472.0 1472.3 1472.2 1471.7 1470.8 1469.6 1467.9 1465.9 1463.4 1460.7 1457.5 1454.0 1450.2 1446.0 1441.5 1436.7 1431.6 1426.2 1420.5 1414.5 1408.2 1401.7 1395.0 1388.0 1380.8 1373.3 1365.7 1357.9 1349.9 1341.8 1333.5 1325.1 1316.5 1307.9
