india_real_boundary_raster_layer_output/demo_india_annual_rainfall_raster.asc
ncols 280
nrows 290
xllcorner 66.0
yllcorner 5.0
cellsize 0.12
NODATA_value -9999
[rows 66 to 98 of 290, columns 75 to 149 of 280]
1152.2 1165.3 1178.4 1191.4 1204.4 1217.2 1229.9 1242.5 1255.0 1267.2 1279.3 1291.1 1302.8 1314.1 1325.2 1336.1 1346.6 1356.8 1366.7 1376.3 1385.6 1394.5 1403.0 1411.2 1418.9 1426.3 1433.3 1440.0 1446.2 1452.0 1457.4 1462.3 1466.9 1471.0 1474.7 1478.0 1480.9 1483.3 1485.3 1486.9 1488.1 1488.8 1489.2 1489.1 1488.6 1487.7 1486.4 1484.7 1482.6 1480.2 1477.3 1474.1 1470.5 1466.6 1462.4 1457.7 1452.8 1447.6 1442.0 1436.2 1430.0 1423.6 1416.9 1410.0 1402.8 1395.4 1387.8 1380.0 1372.0 1363.8 1355.4 1346.9 1338.3 1329.5 1320.6
1154.1 1167.7 1181.3 1194.9 1208.4 1221.7 1235.0 1248.0 1261.0 1273.7 1286.2 1298.5 1310.6 1322.4 1333.9 1345.2 1356.1 1366.7 1377.0 1387.0 1396.5 1405.8 1414.6 1423.1 1431.1 1438.8 1446.1 1452.9 1459.4 1465.4 1471.0 1476.1 1480.8 1485.1 1489.0 1492.4 1495.4 1497.9 1500.0 1501.7 1502.9 1503.7 1504.0 1504.0 1503.5 1502.6 1501.3 1499.6 1497.5 1495.0 1492.1 1488.8 1485.2 1481.2 1476.8 1472.1 1467.1 1461.7 1456.1 1450.1 1443.8 1437.2 1430.4 1423.3 1416.0 1408.4 1400.6 1392.7 1384.5 1376.1 1367.6 1358.9 1350.0 1341.0 1332.0
1154.4 1168.5 1182.6 1196.7 1210.6 1224.5 1238.2 1251.8 1265.2 1278.4 1291.4 1304.1 1316.6 1328.8 1340.8 1352.4 1363.7 1374.7 1385.4 1395.6 1405.6 1415.1 1424.2 1433.0 1441.3 1449.3 1456.8 1463.8 1470.5 1476.7 1482.5 1487.8 1492.7 1497.1 1501.1 1504.6 1507.7 1510.3 1512.5 1514.3 1515.6 1516.4 1516.8 1516.8 1516.3 1515.4 1514.1 1512.4 1510.3 1507.7 1504.8 1501.5 1497.8 1493.7 1489.3 1484.5 1479.4 1473.9 1468.2 1462.1 1455.7 1449.0 1442.1 1434.9 1427.4 1419.7 1411.8 1403.6 1395.3 1386.8 1378.1 1369.2 1360.2 1351.1 1341.8
1152.8 1167.5 1182.1 1196.6 1211.1 1225.4 1239.6 1253.6 1267.5 1281.1 1294.6 1307.7 1320.7 1333.3 1345.6 1357.6 1369.3 1380.7 1391.6 1402.2 1412.5 1422.3 1431.7 1440.8 1449.4 1457.5 1465.3 1472.6 1479.4 1485.8 1491.8 1497.2 1502.3 1506.9 1511.0 1514.6 1517.8 1520.5 1522.8 1524.6 1526.0 1526.9 1527.3 1527.3 1526.9 1526.0 1524.7 1523.0 1520.8 1518.3 1515.3 1512.0 1508.2 1504.1 1499.6 1494.8 1489.6 1484.1 1478.2 1472.1 1465.6 1458.8 1451.8 1444.5 1436.9 1429.1 1421.0 1412.8 1404.3 1395.7 1386.9 1377.9 1368.7 1359.5 1350.1
1149.5 1164.6 1179.7 1194.7 1209.6 1224.4 1239.1 1253.5 1267.8 1281.9 1295.7 1309.3 1322.6 1335.7 1348.4 1360.7 1372.8 1384.4 1395.7 1406.7 1417.2 1427.3 1437.0 1446.3 1455.1 1463.5 1471.5 1479.0 1486.0 1492.6 1498.7 1504.4 1509.5 1514.2 1518.5 1522.2 1525.5 1528.3 1530.7 1532.6 1534.0 1534.9 1535.4 1535.5 1535.1 1534.2 1532.9 1531.2 1529.1 1526.5 1523.5 1520.2 1516.4 1512.3 1507.8 1502.9 1497.6 1492.1 1486.2 1479.9 1473.4 1466.6 1459.4 1452.0 1444.4 1436.5 1428.4 1420.0 1411.5 1402.7 1393.8 1384.7 1375.5 1366.2 1356.7
1144.3 1159.9 1175.4 1190.8 1206.2 1221.4 1236.5 1251.4 1266.1 1280.6 1294.8 1308.8 1322.5 1335.9 1348.9 1361.7 1374.0 1386.0 1397.6 1408.8 1419.6 1430.0 1440.0 1449.5 1458.5 1467.2 1475.3 1483.0 1490.2 1497.0 1503.3 1509.0 1514.4 1519.2 1523.5 1527.4 1530.8 1533.7 1536.1 1538.1 1539.5 1540.5 1541.1 1541.2 1540.8 1540.0 1538.7 1537.0 1534.9 1532.3 1529.4 1526.0 1522.2 1518.1 1513.5 1508.6 1503.4 1497.8 1491.8 1485.6 1479.0 1472.1 1465.0 1457.5 1449.8 1441.9 1433.7 1425.3 1416.7 1407.9 1398.9 1389.8 1380.5 1371.1 1361.5
1137.2 1153.2 1169.1 1185.0 1200.8 1216.4 1231.9 1247.2 1262.3 1277.2 1291.8 1306.2 1320.2 1333.9 1347.3 1360.4 1373.0 1385.3 1397.2 1408.7 1419.7 1430.4 1440.6 1450.3 1459.6 1468.4 1476.7 1484.6 1492.0 1498.9 1505.3 1511.2 1516.7 1521.6 1526.1 1530.0 1533.5 1536.5 1539.0 1541.0 1542.6 1543.6 1544.2 1544.4 1544.0 1543.2 1542.0 1540.3 1538.2 1535.7 1532.7 1529.4 1525.6 1521.5 1516.9 1512.0 1506.8 1501.2 1495.2 1488.9 1482.4 1475.5 1468.3 1460.8 1453.1 1445.2 1437.0 1428.5 1419.9 1411.1 1402.1 1392.9 1383.6 1374.2 1364.6
1128.1 1144.5 1160.9 1177.2 1193.4 1209.4 1225.3 1241.0 1256.5 1271.7 1286.7 1301.3 1315.7 1329.8 1343.5 1356.8 1369.8 1382.3 1394.5 1406.2 1417.5 1428.4 1438.8 1448.7 1458.2 1467.2 1475.7 1483.7 1491.3 1498.3 1504.9 1510.9 1516.5 1521.5 1526.1 1530.1 1533.7 1536.8 1539.3 1541.4 1543.0 1544.2 1544.8 1545.0 1544.7 1543.9 1542.8 1541.1 1539.0 1536.5 1533.6 1530.3 1526.5 1522.4 1517.9 1513.0 1507.8 1502.2 1496.3 1490.0 1483.4 1476.6 1469.4 1462.0 1454.3 1446.3 1438.1 1429.7 1421.1 1412.3 1403.3 1394.2 1384.9 1375.4 1365.9
1117.2 1134.0 1150.7 1167.4 1183.9 1200.4 1216.6 1232.7 1248.5 1264.0 1279.3 1294.4 1309.0 1323.4 1337.4 1351.0 1364.2 1377.0 1389.4 1401.4 1412.9 1424.0 1434.6 1444.7 1454.4 1463.5 1472.2 1480.4 1488.0 1495.2 1501.9 1508.0 1513.7 1518.9 1523.5 1527.7 1531.3 1534.4 1537.1 1539.2 1540.9 1542.1 1542.8 1543.0 1542.8 1542.1 1541.0 1539.4 1537.3 1534.9 1532.0 1528.7 1525.0 1520.9 1516.5 1511.6 1506.4 1500.9 1495.0 1488.8 1482.2 1475.4 1468.3 1460.9 1453.3 1445.4 1437.2 1428.9 1420.3 1411.5 1402.6 1393.5 1384.2 1374.9 1365.3
1104.3 1121.5 1138.6 1155.6 1172.5 1189.3 1205.9 1222.3 1238.4 1254.3 1269.9 1285.2 1300.2 1314.8 1329.1 1342.9 1356.4 1369.5 1382.1 1394.3 1406.0 1417.2 1428.0 1438.3 1448.1 1457.4 1466.2 1474.5 1482.3 1489.6 1496.4 1502.7 1508.4 1513.7 1518.4 1522.6 1526.3 1529.6 1532.3 1534.5 1536.2 1537.5 1538.2 1538.5 1538.4 1537.7 1536.6 1535.1 1533.1 1530.7 1527.9 1524.7 1521.0 1517.0 1512.6 1507.8 1502.7 1497.2 1491.4 1485.3 1478.8 1472.0 1465.0 1457.7 1450.1 1442.3 1434.2 1425.9 1417.5 1408.8 1399.9 1390.9 1381.7 1372.5 1363.0
1089.7 1107.2 1124.6 1142.0 1159.2 1176.3 1193.2 1209.9 1226.3 1242.5 1258.4 1274.0 1289.2 1304.1 1318.6 1332.7 1346.4 1359.7 1372.5 1384.8 1396.7 1408.2 1419.1 1429.5 1439.5 1448.9 1457.9 1466.3 1474.2 1481.6 1488.5 1494.8 1500.7 1506.0 1510.8 1515.1 1518.9 1522.2 1525.0 1527.3 1529.1 1530.4 1531.2 1531.5 1531.4 1530.9 1529.8 1528.4 1526.5 1524.1 1521.4 1518.2 1514.7 1510.7 1506.4 1501.7 1496.7 1491.3 1485.5 1479.5 1473.1 1466.5 1459.5 1452.3 1444.9 1437.1 1429.2 1421.0 1412.7 1404.1 1395.4 1386.5 1377.4 1368.3 1359.0
1073.2 1091.0 1108.8 1126.5 1144.0 1161.4 1178.6 1195.6 1212.3 1228.8 1244.9 1260.7 1276.2 1291.3 1306.1 1320.4 1334.3 1347.7 1360.7 1373.2 1385.3 1396.9 1407.9 1418.5 1428.6 1438.2 1447.2 1455.7 1463.7 1471.2 1478.2 1484.6 1490.5 1495.9 1500.8 1505.2 1509.0 1512.4 1515.2 1517.6 1519.4 1520.8 1521.7 1522.1 1522.1 1521.6 1520.6 1519.3 1517.4 1515.2 1512.5 1509.5 1506.0 1502.1 1497.9 1493.3 1488.4 1483.1 1477.5 1471.6 1465.3 1458.8 1452.0 1444.9 1437.6 1430.0 1422.2 1414.2 1406.0 1397.6 1389.0 1380.3 1371.4 1362.4 1353.3
1055.1 1073.2 1091.3 1109.2 1127.1 1144.7 1162.2 1179.4 1196.4 1213.1 1229.5 1245.6 1261.3 1276.6 1291.5 1306.0 1320.1 1333.7 1346.8 1359.5 1371.7 1383.4 1394.6 1405.3 1415.5 1425.2 1434.3 1442.9 1451.0 1458.6 1465.6 1472.1 1478.1 1483.5 1488.5 1492.9 1496.8 1500.2 1503.2 1505.6 1507.5 1508.9 1509.9 1510.4 1510.4 1510.0 1509.2 1507.8 1506.1 1504.0 1501.4 1498.4 1495.1 1491.3 1487.2 1482.8 1478.0 1472.8 1467.3 1461.6 1455.5 1449.1 1442.4 1435.5 1428.4 1421.0 1413.3 1405.5 1397.5 1389.2 1380.9 1372.3 1363.6 1354.8 1345.9
1035.4 1053.8 1072.1 1090.3 1108.4 1126.3 1144.1 1161.5 1178.8 1195.7 1212.3 1228.6 1244.4 1260.0 1275.0 1289.7 1303.9 1317.7 1331.0 1343.8 1356.1 1368.0 1379.3 1390.1 1400.3 1410.1 1419.3 1428.0 1436.1 1443.8 1450.9 1457.4 1463.5 1469.0 1474.0 1478.5 1482.4 1485.9 1488.9 1491.4 1493.4 1494.9 1495.9 1496.5 1496.6 1496.3 1495.5 1494.3 1492.6 1490.6 1488.1 1485.3 1482.1 1478.5 1474.5 1470.2 1465.5 1460.5 1455.2 1449.6 1443.7 1437.5 1431.0 1424.3 1417.3 1410.1 1402.7 1395.1 1387.2 1379.2 1371.1 1362.8 1354.3 1345.8 1337.1
1014.3 1032.9 1051.5 1069.9 1088.3 1106.4 1124.4 1142.1 1159.5 1176.6 1193.4 1209.9 1225.9 1241.6 1256.9 1271.7 1286.0 1299.9 1313.3 1326.3 1338.7 1350.6 1362.0 1372.9 1383.2 1393.0 1402.3 1411.1 1419.3 1427.0 1434.1 1440.7 1446.8 1452.4 1457.4 1462.0 1466.0 1469.5 1472.6 1475.1 1477.2 1478.7 1479.8 1480.5 1480.7 1480.5 1479.8 1478.7 1477.2 1475.2 1472.9 1470.2 1467.1 1463.6 1459.8 1455.7 1451.2 1446.4 1441.2 1435.8 1430.1 1424.1 1417.8 1411.3 1404.6 1397.6 1390.4 1383.0 1375.4 1367.7 1359.8 1351.7 1343.6 1335.3 1326.9
991.8 1010.7 1029.5 1048.2 1066.7 1085.1 1103.2 1121.1 1138.7 1156.0 1173.0 1189.6 1205.8 1221.7 1237.1 1252.0 1266.5 1280.5 1294.0 1307.0 1319.5 1331.5 1343.0 1353.9 1364.3 1374.2 1383.5 1392.3 1400.6 1408.3 1415.5 1422.2 1428.3 1433.9 1439.0 1443.6 1447.7 1451.3 1454.3 1456.9 1459.1 1460.7 1461.9 1462.6 1462.9 1462.8 1462.2 1461.2 1459.8 1458.0 1455.8 1453.3 1450.3 1447.1 1443.4 1439.4 1435.1 1430.5 1425.6 1420.4 1414.9 1409.1 1403.1 1396.8 1390.3 1383.6 1376.6 1369.5 1362.2 1354.7 1347.1 1339.4 1331.5 1323.5 1315.4
968.2 987.3 1006.3 1025.1 1043.9 1062.4 1080.8 1098.8 1116.6 1134.1 1151.2 1168.0 1184.4 1200.3 1215.8 1230.9 1245.5 1259.6 1273.2 1286.3 1298.8 1310.9 1322.4 1333.4 1343.9 1353.8 1363.1 1372.0 1380.3 1388.0 1395.3 1402.0 1408.1 1413.8 1418.9 1423.5 1427.7 1431.3 1434.4 1437.1 1439.3 1441.0 1442.3 1443.1 1443.5 1443.4 1443.0 1442.1 1440.8 1439.2 1437.1 1434.7 1432.0 1428.8 1425.4 1421.6 1417.5 1413.1 1408.4 1403.4 1398.1 1392.6 1386.9 1380.8 1374.6 1368.2 1361.5 1354.7 1347.7 1340.5 1333.2 1325.8 1318.2 1310.5 1302.8
943.6 962.8 982.0 1001.1 1020.0 1038.7 1057.2 1075.4 1093.4 1111.0 1128.3 1145.2 1161.6 1177.7 1193.3 1208.5 1223.1 1237.3 1251.0 1264.1 1276.8 1288.9 1300.4 1311.5 1322.0 1331.9 1341.3 1350.2 1358.5 1366.3 1373.5 1380.2 1386.4 1392.1 1397.3 1402.0 1406.1 1409.8 1413.0 1415.7 1418.0 1419.8 1421.1 1422.0 1422.5 1422.6 1422.3 1421.5 1420.4 1418.9 1417.0 1414.8 1412.2 1409.2 1406.0 1402.4 1398.5 1394.3 1389.9 1385.1 1380.1 1374.9 1369.4 1363.7 1357.7 1351.6 1345.2 1338.7 1332.0 1325.2 1318.2 1311.1 1303.9 1296.6 1289.2
918.1 937.5 956.9 976.1 995.2 1014.1 1032.7 1051.1 1069.2 1086.9 1104.3 1121.3 1137.9 1154.0 1169.7 1184.9 1199.7 1213.9 1227.7 1240.9 1253.5 1265.7 1277.3 1288.3 1298.9 1308.8 1318.2 1327.1 1335.5 1343.3 1350.5 1357.3 1363.5 1369.2 1374.4 1379.1 1383.3 1387.0 1390.3 1393.0 1395.4 1397.2 1398.7 1399.7 1400.3 1400.5 1400.2 1399.6 1398.7 1397.3 1395.6 1393.5 1391.1 1388.4 1385.4 1382.0 1378.4 1374.4 1370.2 1365.7 1361.0 1356.0 1350.8 1345.4 1339.8 1333.9 1327.9 1321.8 1315.4 1308.9 1302.3 1295.6 1288.7 1281.8 1274.8
892.0 911.6 931.1 950.4 969.7 988.7 1007.4 1025.9 1044.1 1062.0 1079.5 1096.6 1113.2 1129.5 1145.3 1160.5 1175.3 1189.6 1203.4 1216.6 1229.4 1241.5 1253.1 1264.2 1274.7 1284.7 1294.2 1303.0 1311.4 1319.2 1326.5 1333.2 1339.5 1345.2 1350.4 1355.1 1359.4 1363.1 1366.4 1369.3 1371.7 1373.6 1375.2 1376.3 1377.0 1377.3 1377.2 1376.7 1375.9 1374.7 1373.2 1371.3 1369.1 1366.6 1363.7 1360.6 1357.2 1353.5 1349.6 1345.4 1341.0 1336.3 1331.4 1326.3 1321.0 1315.5 1309.8 1304.0 1298.0 1291.9 1285.7 1279.3 1272.9 1266.3 1259.7
865.4 885.1 904.7 924.2 943.6 962.7 981.6 1000.2 1018.5 1036.5 1054.0 1071.2 1088.0 1104.3 1120.1 1135.4 1150.3 1164.6 1178.4 1191.7 1204.4 1216.6 1228.2 1239.3 1249.8 1259.8 1269.2 1278.1 1286.5 1294.3 1301.6 1308.3 1314.6 1320.3 1325.6 1330.3 1334.6 1338.4 1341.8 1344.7 1347.1 1349.2 1350.8 1352.0 1352.8 1353.2 1353.3 1352.9 1352.3 1351.3 1349.9 1348.2 1346.2 1343.9 1341.3 1338.5 1335.3 1331.9 1328.3 1324.3 1320.2 1315.8 1311.3 1306.5 1301.5 1296.4 1291.1 1285.6 1280.0 1274.3 1268.5 1262.5 1256.5 1250.3 1244.2
838.5 858.3 878.1 897.7 917.1 936.4 955.4 974.1 992.5 1010.5 1028.2 1045.4 1062.2 1078.6 1094.4 1109.8 1124.7 1139.0 1152.9 1166.1 1178.9 1191.1 1202.7 1213.8 1224.3 1234.3 1243.7 1252.6 1260.9 1268.7 1276.0 1282.8 1289.1 1294.8 1300.1 1304.9 1309.2 1313.0 1316.4 1319.4 1321.9 1324.0 1325.7 1327.0 1328.0 1328.5 1328.7 1328.5 1328.0 1327.2 1326.0 1324.6 1322.8 1320.7 1318.4 1315.7 1312.9 1309.7 1306.4 1302.8 1298.9 1294.9 1290.7 1286.2 1281.6 1276.9 1271.9 1266.8 1261.6 1256.3 1250.9 1245.3 1239.7 1234.0 1228.3
811.4 831.4 851.2 871.0 890.5 909.9 928.9 947.7 966.2 984.3 1002.0 1019.3 1036.2 1052.6 1068.5 1083.9 1098.8 1113.2 1127.0 1140.3 1153.0 1165.2 1176.8 1187.9 1198.4 1208.4 1217.8 1226.7 1235.0 1242.8 1250.1 1256.8 1263.1 1268.9 1274.2 1279.0 1283.3 1287.2 1290.6 1293.7 1296.3 1298.5 1300.3 1301.7 1302.7 1303.4 1303.7 1303.7 1303.4 1302.7 1301.8 1300.5 1298.9 1297.1 1295.0 1292.7 1290.0 1287.2 1284.1 1280.8 1277.3 1273.6 1269.7 1265.7 1261.4 1257.0 1252.5 1247.8 1243.0 1238.1 1233.1 1227.9 1222.8 1217.5 1212.2
784.5 804.5 824.5 844.3 863.9 883.3 902.5 921.4 939.9 958.1 975.8 993.2 1010.1 1026.5 1042.4 1057.8 1072.8 1087.1 1101.0 1114.2 1127.0 1139.2 1150.8 1161.8 1172.3 1182.3 1191.7 1200.5 1208.8 1216.6 1223.9 1230.7 1236.9 1242.7 1248.0 1252.8 1257.2 1261.1 1264.6 1267.7 1270.4 1272.7 1274.6 1276.1 1277.3 1278.1 1278.6 1278.7 1278.5 1278.1 1277.3 1276.2 1274.9 1273.3 1271.5 1269.4 1267.1 1264.5 1261.8 1258.8 1255.6 1252.2 1248.7 1245.0 1241.1 1237.1 1233.0 1228.7 1224.3 1219.8 1215.2 1210.5 1205.8 1201.0 1196.2
757.7 777.8 797.9 817.8 837.5 857.0 876.2 895.1 913.7 931.9 949.7 967.1 984.0 1000.5 1016.4 1031.9 1046.8 1061.2 1075.0 1088.3 1101.0 1113.1 1124.7 1135.8 1146.2 1156.2 1165.5 1174.4 1182.7 1190.5 1197.7 1204.5 1210.7 1216.5 1221.8 1226.7 1231.1 1235.1 1238.6 1241.8 1244.5 1246.9 1248.9 1250.5 1251.8 1252.7 1253.4 1253.7 1253.7 1253.4 1252.8 1252.0 1250.9 1249.6 1248.0 1246.2 1244.1 1241.9 1239.4 1236.8 1233.9 1230.9 1227.7 1224.4 1220.9 1217.3 1213.5 1209.7 1205.7 1201.6 1197.5 1193.2 1189.0 1184.6 1180.3
731.4 751.6 771.7 791.6 811.4 831.0 850.3 869.2 887.8 906.1 923.9 941.3 958.3 974.7 990.7 1006.1 1021.0 1035.4 1049.2 1062.5 1075.2 1087.3 1098.9 1109.9 1120.3 1130.2 1139.6 1148.4 1156.7 1164.5 1171.7 1178.5 1184.7 1190.5 1195.8 1200.7 1205.2 1209.2 1212.8 1216.0 1218.8 1221.2 1223.3 1225.1 1226.5 1227.6 1228.3 1228.8 1229.0 1228.9 1228.6 1228.0 1227.1 1226.0 1224.7 1223.1 1221.4 1219.4 1217.3 1215.0 1212.5 1209.8 1207.0 1204.0 1200.9 1197.7 1194.4 1190.9 1187.4 1183.7 1180.0 1176.2 1172.4 1168.5 1164.7
705.6 725.9 746.0 766.0 785.9 805.5 824.8 843.8 862.5 880.7 898.6 916.0 933.0 949.4 965.4 980.8 995.7 1010.1 1023.9 1037.1 1049.8 1061.9 1073.4 1084.4 1094.8 1104.7 1114.0 1122.8 1131.1 1138.8 1146.0 1152.8 1159.0 1164.8 1170.2 1175.1 1179.5 1183.6 1187.3 1190.5 1193.4 1196.0 1198.1 1200.0 1201.5 1202.8 1203.7 1204.3 1204.7 1204.8 1204.7 1204.3 1203.7 1202.8 1201.8 1200.5 1199.0 1197.4 1195.6 1193.6 1191.4 1189.1 1186.7 1184.1 1181.4 1178.5 1175.6 1172.6 1169.4 1166.2 1163.0 1159.6 1156.3 1152.9 1149.5
680.5 700.8 721.0 741.1 761.0 780.6 800.0 819.0 837.7 856.0 873.8 891.3 908.2 924.7 940.6 956.1 970.9 985.3 999.0 1012.3 1024.9 1037.0 1048.5 1059.4 1069.8 1079.6 1088.9 1097.7 1105.9 1113.7 1120.9 1127.6 1133.9 1139.7 1145.0 1150.0 1154.5 1158.5 1162.3 1165.6 1168.6 1171.2 1173.5 1175.4 1177.1 1178.5 1179.5 1180.4 1180.9 1181.2 1181.3 1181.1 1180.7 1180.1 1179.4 1178.4 1177.2 1175.9 1174.4 1172.7 1170.9 1169.0 1166.9 1164.7 1162.3 1159.9 1157.4 1154.8 1152.1 1149.3 1146.5 1143.6 1140.7 1137.7 1134.8
656.3 676.6 696.9 717.0 736.9 756.5 775.9 795.0 813.7 832.0 849.8 867.3 884.2 900.7 916.6 932.0 946.9 961.2 974.9 988.1 1000.7 1012.7 1024.2 1035.1 1045.5 1055.3 1064.5 1073.3 1081.5 1089.2 1096.4 1103.1 1109.4 1115.2 1120.5 1125.5 1130.0 1134.2 1137.9 1141.3 1144.4 1147.1 1149.5 1151.5 1153.3 1154.8 1156.1 1157.1 1157.8 1158.3 1158.6 1158.6 1158.5 1158.2 1157.6 1156.9 1156.1 1155.0 1153.9 1152.5 1151.1 1149.5 1147.8 1145.9 1144.0 1142.0 1139.8 1137.6 1135.3 1133.0 1130.6 1128.2 1125.7 1123.3 1120.8
633.0 653.4 673.7 693.8 713.7 733.4 752.8 771.8 790.5 808.8 826.7 844.1 861.1 877.5 893.4 908.8 923.6 937.9 951.6 964.7 977.3 989.3 1000.7 1011.6 1021.9 1031.7 1040.9 1049.6 1057.8 1065.5 1072.7 1079.4 1085.6 1091.5 1096.8 1101.8 1106.4 1110.5 1114.4 1117.8 1120.9 1123.7 1126.2 1128.4 1130.3 1132.0 1133.4 1134.5 1135.5 1136.2 1136.7 1136.9 1137.0 1137.0 1136.7 1136.3 1135.7 1135.0 1134.1 1133.2 1132.0 1130.8 1129.4 1128.0 1126.4 1124.8 1123.1 1121.3 1119.4 1117.5 1115.6 1113.6 1111.6 1109.6 1107.6
610.9 631.3 651.5 671.7 691.6 711.3 730.7 749.7 768.4 786.7 804.6 822.0 838.9 855.3 871.2 886.5 901.3 915.5 929.2 942.3 954.8 966.8 978.2 989.0 999.3 1009.0 1018.2 1026.9 1035.0 1042.7 1049.9 1056.6 1062.8 1068.6 1074.0 1079.0 1083.6 1087.8 1091.7 1095.2 1098.4 1101.3 1103.9 1106.2 1108.3 1110.1 1111.6 1112.9 1114.0 1114.9 1115.6 1116.2 1116.5 1116.7 1116.7 1116.6 1116.3 1115.9 1115.3 1114.7 1113.9 1113.0 1112.0 1110.9 1109.8 1108.5 1107.2 1105.8 1104.4 1102.9 1101.4 1099.8 1098.3 1096.7 1095.2
589.9 610.3 630.6 650.7 670.6 690.3 709.7 728.7 747.4 765.7 783.5 800.9 817.7 834.1 850.0 865.3 880.0 894.2 907.8 920.9 933.4 945.3 956.6 967.4 977.6 987.3 996.5 1005.1 1013.2 1020.9 1028.0 1034.7 1041.0 1046.8 1052.2 1057.2 1061.8 1066.1 1070.0 1073.6 1076.9 1079.9 1082.6 1085.0 1087.2 1089.1 1090.8 1092.3 1093.6 1094.7 1095.6 1096.4 1097.0 1097.4 1097.7 1097.8 1097.9 1097.7 1097.5 1097.2 1096.8 1096.2 1095.6 1094.9 1094.1 1093.2 1092.3 1091.3 1090.3 1089.2 1088.1 1087.0 1085.9 1084.8 1083.8
570.2 590.6 610.9 631.0 650.9 670.5 689.9 708.9 727.6 745.8 763.6 780.9 797.8 814.1 829.9 845.1 859.8 874.0 887.6 900.6 913.0 924.9 936.1 946.9 957.1 966.7 975.8 984.4 992.5 1000.1 1007.3 1014.0 1020.2 1026.0 1031.5 1036.5 1041.2 1045.5 1049.5 1053.1 1056.5 1059.5 1062.4 1064.9 1067.2 1069.3 1071.2 1072.8 1074.3 1075.6 1076.7 1077.7 1078.5 1079.2 1079.8 1080.2 1080.5 1080.7 1080.8 1080.8 1080.7 1080.5 1080.2 1079.9 1079.5 1079.0 1078.4 1077.9 1077.2 1076.6 1075.9 1075.2 1074.6 1073.9 1073.3
