india_ctv_citrus_disease_layer_output/demo_ctv_citrus_risk_raster.asc
ncols 300
nrows 310
xllcorner 66.0
yllcorner 5.0
cellsize 0.12
NODATA_value -9999
[rows 108 to 143 of 310, columns 82 to 163 of 300]
8.02 8.02 8.02 8.02 8.02 8.02 8.02 8.02 8.02 8.02 8.02 8.02 8.02 8.02 8.02 8.02 8.02 8.02 8.02 8.02 8.02 8.02 8.02 8.02 8.02 8.02 8.02 8.02 8.02 8.02 8.02 8.02 8.02 8.02 8.02 8.02 8.02 8.02 8.02 8.02 8.02 8.02 8.02 8.02 8.02 8.01 8.01 8.01 8.01 8.01 8.01 8.01 8.01 8.01 8.01 8.01 8.01 8.01 8.01 8.01 8.01 8.01 8.01 8.01 8.01 8.01 8.01 8.01 8.01 8.01 8.00 8.00 8.00 8.00 8.00 8.00 8.00 8.00 8.00 8.00 8.00 8.00
8.02 8.02 8.02 8.02 8.02 8.02 8.02 8.02 8.02 8.02 8.02 8.02 8.02 8.02 8.02 8.02 8.02 8.02 8.02 8.02 8.02 8.02 8.02 8.02 8.02 8.02 8.02 8.02 8.02 8.02 8.02 8.02 8.02 8.02 8.02 8.02 8.02 8.02 8.02 8.02 8.02 8.02 8.02 8.02 8.02 8.02 8.02 8.02 8.02 8.02 8.01 8.01 8.01 8.01 8.01 8.01 8.01 8.01 8.01 8.01 8.01 8.01 8.01 8.01 8.01 8.01 8.01 8.01 8.01 8.01 8.01 8.01 8.01 8.00 8.00 8.00 8.00 8.00 8.00 8.00 8.00 8.00
8.02 8.02 8.02 8.02 8.02 8.02 8.03 8.03 8.03 8.03 8.03 8.03 8.03 8.03 8.03 8.03 8.03 8.03 8.03 8.03 8.03 8.03 8.03 8.03 8.03 8.03 8.03 8.03 8.03 8.03 8.03 8.03 8.03 8.03 8.03 8.03 8.03 8.03 8.02 8.02 8.02 8.02 8.02 8.02 8.02 8.02 8.02 8.02 8.02 8.02 8.02 8.02 8.02 8.02 8.02 8.01 8.01 8.01 8.01 8.01 8.01 8.01 8.01 8.01 8.01 8.01 8.01 8.01 8.01 8.01 8.01 8.01 8.01 8.01 8.01 8.00 8.00 8.00 8.00 8.00 8.00 8.00
8.03 8.03 8.03 8.03 8.03 8.03 8.03 8.03 8.03 8.03 8.03 8.03 8.03 8.03 8.03 8.03 8.03 8.03 8.03 8.03 8.04 8.04 8.04 8.04 8.03 8.03 8.03 8.03 8.03 8.03 8.03 8.03 8.03 8.03 8.03 8.03 8.03 8.03 8.03 8.03 8.03 8.03 8.03 8.03 8.03 8.02 8.02 8.02 8.02 8.02 8.02 8.02 8.02 8.02 8.02 8.02 8.02 8.02 8.02 8.01 8.01 8.01 8.01 8.01 8.01 8.01 8.01 8.01 8.01 8.01 8.01 8.01 8.01 8.01 8.01 8.01 8.01 8.01 8.00 8.00 8.00 8.00
8.03 8.03 8.03 8.03 8.03 8.04 8.04 8.04 8.04 8.04 8.04 8.04 8.04 8.04 8.04 8.04 8.04 8.04 8.04 8.04 8.04 8.04 8.04 8.04 8.04 8.04 8.04 8.04 8.04 8.04 8.04 8.04 8.04 8.04 8.04 8.04 8.04 8.04 8.04 8.03 8.03 8.03 8.03 8.03 8.03 8.03 8.03 8.03 8.03 8.03 8.03 8.02 8.02 8.02 8.02 8.02 8.02 8.02 8.02 8.02 8.02 8.02 8.02 8.01 8.01 8.01 8.01 8.01 8.01 8.01 8.01 8.01 8.01 8.01 8.01 8.01 8.01 8.01 8.01 8.01 8.00 8.00
8.04 8.04 8.04 8.04 8.04 8.04 8.04 8.04 8.04 8.04 8.05 8.05 8.05 8.05 8.05 8.05 8.05 8.05 8.05 8.05 8.05 8.05 8.05 8.05 8.05 8.05 8.05 8.05 8.05 8.05 8.05 8.05 8.05 8.05 8.04 8.04 8.04 8.04 8.04 8.04 8.04 8.04 8.04 8.04 8.04 8.04 8.03 8.03 8.03 8.03 8.03 8.03 8.03 8.03 8.03 8.02 8.02 8.02 8.02 8.02 8.02 8.02 8.02 8.02 8.02 8.02 8.01 8.01 8.01 8.01 8.01 8.01 8.01 8.01 8.01 8.01 8.01 8.01 8.01 8.01 8.01 8.01
8.04 8.04 8.05 8.05 8.05 8.05 8.05 8.05 8.05 8.05 8.05 8.05 8.05 8.06 8.06 8.06 8.06 8.06 8.06 8.06 8.06 8.06 8.06 8.06 8.06 8.06 8.06 8.06 8.06 8.06 8.06 8.06 8.05 8.05 8.05 8.05 8.05 8.05 8.05 8.05 8.05 8.05 8.05 8.04 8.04 8.04 8.04 8.04 8.04 8.04 8.04 8.03 8.03 8.03 8.03 8.03 8.03 8.03 8.03 8.02 8.02 8.02 8.02 8.02 8.02 8.02 8.02 8.02 8.02 8.01 8.01 8.01 8.01 8.01 8.01 8.01 8.01 8.01 8.01 8.01 8.01 8.01
8.05 8.05 8.05 8.06 8.06 8.06 8.06 8.06 8.06 8.06 8.06 8.06 8.06 8.07 8.07 8.07 8.07 8.07 8.07 8.07 8.07 8.07 8.07 8.07 8.07 8.07 8.07 8.07 8.07 8.07 8.07 8.07 8.06 8.06 8.06 8.06 8.06 8.06 8.06 8.06 8.06 8.05 8.05 8.05 8.05 8.05 8.05 8.05 8.04 8.04 8.04 8.04 8.04 8.04 8.04 8.03 8.03 8.03 8.03 8.03 8.03 8.03 8.02 8.02 8.02 8.02 8.02 8.02 8.02 8.02 8.02 8.02 8.01 8.01 8.01 8.01 8.01 8.01 8.01 8.01 8.01 8.01
8.06 8.06 8.06 8.06 8.07 8.07 8.07 8.07 8.07 8.07 8.07 8.08 8.08 8.08 8.08 8.08 8.08 8.08 8.08 8.08 8.08 8.08 8.08 8.08 8.08 8.08 8.08 8.08 8.08 8.08 8.08 8.08 8.08 8.07 8.07 8.07 8.07 8.07 8.07 8.07 8.07 8.06 8.06 8.06 8.06 8.06 8.06 8.05 8.05 8.05 8.05 8.05 8.05 8.04 8.04 8.04 8.04 8.04 8.04 8.03 8.03 8.03 8.03 8.03 8.03 8.02 8.02 8.02 8.02 8.02 8.02 8.02 8.02 8.02 8.01 8.01 8.01 8.01 8.01 8.01 8.01 8.01
8.07 8.07 8.07 8.08 8.08 8.08 8.08 8.08 8.08 8.09 8.09 8.09 8.09 8.09 8.09 8.09 8.09 8.09 8.09 8.09 8.09 8.09 8.09 8.09 8.09 8.09 8.09 8.09 8.09 8.09 8.09 8.09 8.09 8.09 8.09 8.08 8.08 8.08 8.08 8.08 8.08 8.07 8.07 8.07 8.07 8.07 8.07 8.06 8.06 8.06 8.06 8.06 8.05 8.05 8.05 8.05 8.05 8.04 8.04 8.04 8.04 8.04 8.03 8.03 8.03 8.03 8.03 8.03 8.02 8.02 8.02 8.02 8.02 8.02 8.02 8.02 8.01 8.01 8.01 8.01 8.01 8.01
8.08 8.08 8.09 8.09 8.09 8.09 8.09 8.10 8.10 8.10 8.10 8.10 8.10 8.11 8.11 8.11 8.11 8.11 8.11 8.11 8.11 8.11 8.11 8.11 8.11 8.11 8.11 8.11 8.11 8.11 8.11 8.10 8.10 8.10 8.10 8.10 8.10 8.10 8.09 8.09 8.09 8.09 8.09 8.08 8.08 8.08 8.08 8.07 8.07 8.07 8.07 8.06 8.06 8.06 8.06 8.06 8.05 8.05 8.05 8.05 8.04 8.04 8.04 8.04 8.04 8.03 8.03 8.03 8.03 8.03 8.03 8.02 8.02 8.02 8.02 8.02 8.02 8.02 8.02 8.01 8.01 8.01
8.10 8.10 8.10 8.10 8.11 8.11 8.11 8.11 8.11 8.12 8.12 8.12 8.12 8.12 8.12 8.13 8.13 8.13 8.13 8.13 8.13 8.13 8.13 8.13 8.13 8.13 8.13 8.13 8.13 8.12 8.12 8.12 8.12 8.12 8.12 8.12 8.11 8.11 8.11 8.11 8.10 8.10 8.10 8.10 8.09 8.09 8.09 8.09 8.08 8.08 8.08 8.08 8.07 8.07 8.07 8.06 8.06 8.06 8.06 8.05 8.05 8.05 8.05 8.04 8.04 8.04 8.04 8.04 8.03 8.03 8.03 8.03 8.03 8.02 8.02 8.02 8.02 8.02 8.02 8.02 8.02 8.01
8.11 8.12 8.12 8.12 8.12 8.13 8.13 8.13 8.13 8.14 8.14 8.14 8.14 8.14 8.14 8.15 8.15 8.15 8.15 8.15 8.15 8.15 8.15 8.15 8.15 8.15 8.15 8.15 8.15 8.15 8.14 8.14 8.14 8.14 8.14 8.13 8.13 8.13 8.13 8.12 8.12 8.12 8.12 8.11 8.11 8.11 8.10 8.10 8.10 8.09 8.09 8.09 8.08 8.08 8.08 8.08 8.07 8.07 8.07 8.06 8.06 8.06 8.05 8.05 8.05 8.05 8.04 8.04 8.04 8.04 8.03 8.03 8.03 8.03 8.03 8.03 8.02 8.02 8.02 8.02 8.02 8.02
8.13 8.13 8.14 8.14 8.14 8.15 8.15 8.15 8.16 8.16 8.16 8.16 8.16 8.17 8.17 8.17 8.17 8.17 8.17 8.17 8.17 8.17 8.17 8.17 8.17 8.17 8.17 8.17 8.17 8.17 8.17 8.17 8.16 8.16 8.16 8.16 8.15 8.15 8.15 8.14 8.14 8.14 8.13 8.13 8.13 8.12 8.12 8.12 8.11 8.11 8.11 8.10 8.10 8.09 8.09 8.09 8.08 8.08 8.08 8.07 8.07 8.07 8.06 8.06 8.06 8.05 8.05 8.05 8.05 8.04 8.04 8.04 8.04 8.03 8.03 8.03 8.03 8.03 8.02 8.02 8.02 8.02
8.15 8.15 8.16 8.16 8.17 8.17 8.17 8.18 8.18 8.18 8.19 8.19 8.19 8.19 8.19 8.20 8.20 8.20 8.20 8.20 8.20 8.20 8.20 8.20 8.20 8.20 8.20 8.20 8.20 8.20 8.19 8.19 8.19 8.19 8.18 8.18 8.18 8.17 8.17 8.17 8.16 8.16 8.16 8.15 8.15 8.14 8.14 8.14 8.13 8.13 8.12 8.12 8.11 8.11 8.11 8.10 8.10 8.09 8.09 8.08 8.08 8.08 8.07 8.07 8.07 8.06 8.06 8.06 8.05 8.05 8.05 8.04 8.04 8.04 8.04 8.03 8.03 8.03 8.03 8.03 8.02 8.02
8.17 8.18 8.18 8.19 8.19 8.20 8.20 8.20 8.21 8.21 8.21 8.22 8.22 8.22 8.22 8.23 8.23 8.23 8.23 8.23 8.23 8.23 8.23 8.23 8.23 8.23 8.23 8.23 8.23 8.23 8.22 8.22 8.22 8.22 8.21 8.21 8.21 8.20 8.20 8.19 8.19 8.18 8.18 8.18 8.17 8.17 8.16 8.16 8.15 8.15 8.14 8.14 8.13 8.13 8.12 8.12 8.11 8.11 8.10 8.10 8.09 8.09 8.08 8.08 8.08 8.07 8.07 8.06 8.06 8.06 8.05 8.05 8.05 8.04 8.04 8.04 8.04 8.03 8.03 8.03 8.03 8.03
8.20 8.21 8.21 8.22 8.22 8.23 8.23 8.23 8.24 8.24 8.25 8.25 8.25 8.26 8.26 8.26 8.26 8.27 8.27 8.27 8.27 8.27 8.27 8.27 8.27 8.27 8.27 8.26 8.26 8.26 8.26 8.25 8.25 8.25 8.24 8.24 8.24 8.23 8.23 8.22 8.22 8.21 8.21 8.20 8.20 8.19 8.19 8.18 8.17 8.17 8.16 8.16 8.15 8.15 8.14 8.13 8.13 8.12 8.12 8.11 8.11 8.10 8.10 8.09 8.09 8.08 8.08 8.07 8.07 8.07 8.06 8.06 8.06 8.05 8.05 8.05 8.04 8.04 8.04 8.03 8.03 8.03
8.23 8.24 8.24 8.25 8.25 8.26 8.26 8.27 8.27 8.28 8.28 8.29 8.29 8.29 8.30 8.30 8.30 8.30 8.31 8.31 8.31 8.31 8.31 8.31 8.31 8.31 8.31 8.30 8.30 8.30 8.30 8.29 8.29 8.29 8.28 8.28 8.27 8.27 8.26 8.26 8.25 8.24 8.24 8.23 8.23 8.22 8.21 8.21 8.20 8.19 8.19 8.18 8.17 8.17 8.16 8.15 8.15 8.14 8.14 8.13 8.12 8.12 8.11 8.11 8.10 8.10 8.09 8.09 8.08 8.08 8.07 8.07 8.06 8.06 8.06 8.05 8.05 8.05 8.04 8.04 8.04 8.03
8.26 8.27 8.28 8.28 8.29 8.30 8.30 8.31 8.32 8.32 8.33 8.33 8.33 8.34 8.34 8.34 8.35 8.35 8.35 8.35 8.35 8.35 8.35 8.35 8.35 8.35 8.35 8.35 8.35 8.34 8.34 8.34 8.33 8.33 8.32 8.32 8.31 8.31 8.30 8.29 8.29 8.28 8.27 8.27 8.26 8.25 8.24 8.24 8.23 8.22 8.21 8.21 8.20 8.19 8.18 8.18 8.17 8.16 8.16 8.15 8.14 8.13 8.13 8.12 8.12 8.11 8.10 8.10 8.09 8.09 8.08 8.08 8.07 8.07 8.06 8.06 8.06 8.05 8.05 8.05 8.04 8.04
8.30 8.31 8.32 8.33 8.33 8.34 8.35 8.35 8.36 8.37 8.37 8.38 8.38 8.39 8.39 8.39 8.40 8.40 8.40 8.40 8.40 8.40 8.40 8.40 8.40 8.40 8.40 8.40 8.39 8.39 8.39 8.38 8.38 8.37 8.37 8.36 8.36 8.35 8.34 8.34 8.33 8.32 8.31 8.30 8.30 8.29 8.28 8.27 8.26 8.25 8.25 8.24 8.23 8.22 8.21 8.20 8.19 8.19 8.18 8.17 8.16 8.15 8.15 8.14 8.13 8.13 8.12 8.11 8.11 8.10 8.09 8.09 8.08 8.08 8.07 8.07 8.06 8.06 8.06 8.05 8.05 8.04
8.34 8.35 8.36 8.37 8.38 8.39 8.40 8.40 8.41 8.42 8.42 8.43 8.44 8.44 8.45 8.45 8.45 8.46 8.46 8.46 8.46 8.46 8.46 8.46 8.46 8.46 8.46 8.45 8.45 8.45 8.44 8.44 8.43 8.43 8.42 8.41 8.41 8.40 8.39 8.38 8.37 8.37 8.36 8.35 8.34 8.33 8.32 8.31 8.30 8.29 8.28 8.27 8.26 8.25 8.24 8.23 8.22 8.21 8.20 8.19 8.18 8.18 8.17 8.16 8.15 8.14 8.14 8.13 8.12 8.11 8.11 8.10 8.09 8.09 8.08 8.08 8.07 8.07 8.06 8.06 8.06 8.05
8.39 8.40 8.41 8.42 8.43 8.44 8.45 8.46 8.47 8.48 8.48 8.49 8.50 8.50 8.51 8.51 8.52 8.52 8.52 8.52 8.52 8.53 8.53 8.52 8.52 8.52 8.52 8.52 8.51 8.51 8.50 8.50 8.49 8.48 8.48 8.47 8.46 8.45 8.44 8.44 8.43 8.42 8.41 8.40 8.38 8.37 8.36 8.35 8.34 8.33 8.32 8.31 8.30 8.28 8.27 8.26 8.25 8.24 8.23 8.22 8.21 8.20 8.19 8.18 8.17 8.16 8.15 8.15 8.14 8.13 8.12 8.11 8.11 8.10 8.09 8.09 8.08 8.08 8.07 8.07 8.06 8.06
8.44 8.46 8.47 8.48 8.49 8.50 8.51 8.52 8.53 8.54 8.55 8.56 8.56 8.57 8.57 8.58 8.58 8.59 8.59 8.59 8.60 8.60 8.60 8.60 8.59 8.59 8.59 8.59 8.58 8.58 8.57 8.56 8.56 8.55 8.54 8.53 8.52 8.51 8.50 8.49 8.48 8.47 8.46 8.45 8.44 8.42 8.41 8.40 8.39 8.37 8.36 8.35 8.34 8.32 8.31 8.30 8.29 8.27 8.26 8.25 8.24 8.23 8.22 8.21 8.19 8.18 8.17 8.17 8.16 8.15 8.14 8.13 8.12 8.11 8.11 8.10 8.09 8.09 8.08 8.08 8.07 8.07
8.50 8.52 8.53 8.54 8.56 8.57 8.58 8.59 8.60 8.61 8.62 8.63 8.64 8.64 8.65 8.66 8.66 8.67 8.67 8.67 8.67 8.68 8.68 8.67 8.67 8.67 8.67 8.66 8.66 8.65 8.65 8.64 8.63 8.62 8.61 8.60 8.59 8.58 8.57 8.56 8.55 8.53 8.52 8.51 8.49 8.48 8.47 8.45 8.44 8.42 8.41 8.39 8.38 8.37 8.35 8.34 8.32 8.31 8.30 8.28 8.27 8.26 8.24 8.23 8.22 8.21 8.20 8.19 8.18 8.17 8.16 8.15 8.14 8.13 8.12 8.11 8.11 8.10 8.09 8.09 8.08 8.07
8.57 8.58 8.60 8.61 8.63 8.64 8.65 8.67 8.68 8.69 8.70 8.71 8.72 8.73 8.74 8.74 8.75 8.75 8.76 8.76 8.76 8.76 8.76 8.76 8.76 8.76 8.75 8.75 8.74 8.74 8.73 8.72 8.71 8.70 8.69 8.68 8.67 8.66 8.65 8.63 8.62 8.60 8.59 8.57 8.56 8.54 8.53 8.51 8.49 8.48 8.46 8.45 8.43 8.41 8.40 8.38 8.37 8.35 8.33 8.32 8.30 8.29 8.28 8.26 8.25 8.24 8.22 8.21 8.20 8.19 8.18 8.17 8.16 8.15 8.14 8.13 8.12 8.11 8.10 8.10 8.09 8.08
8.64 8.66 8.67 8.69 8.71 8.72 8.74 8.75 8.76 8.78 8.79 8.80 8.81 8.82 8.83 8.84 8.84 8.85 8.85 8.86 8.86 8.86 8.86 8.86 8.86 8.85 8.85 8.84 8.84 8.83 8.82 8.81 8.80 8.79 8.78 8.77 8.76 8.74 8.73 8.71 8.70 8.68 8.66 8.65 8.63 8.61 8.59 8.58 8.56 8.54 8.52 8.50 8.48 8.47 8.45 8.43 8.41 8.39 8.38 8.36 8.34 8.33 8.31 8.30 8.28 8.27 8.25 8.24 8.22 8.21 8.20 8.19 8.18 8.17 8.16 8.15 8.14 8.13 8.12 8.11 8.10 8.10
8.72 8.74 8.76 8.78 8.79 8.81 8.83 8.84 8.86 8.87 8.89 8.90 8.91 8.92 8.93 8.94 8.95 8.95 8.96 8.96 8.96 8.97 8.97 8.96 8.96 8.96 8.95 8.95 8.94 8.93 8.92 8.91 8.90 8.89 8.88 8.86 8.85 8.83 8.82 8.80 8.78 8.76 8.75 8.73 8.71 8.69 8.67 8.65 8.63 8.61 8.58 8.56 8.54 8.52 8.50 8.48 8.46 8.44 8.42 8.40 8.39 8.37 8.35 8.33 8.31 8.30 8.28 8.27 8.25 8.24 8.22 8.21 8.20 8.19 8.17 8.16 8.15 8.14 8.13 8.12 8.12 8.11
8.81 8.83 8.85 8.87 8.89 8.91 8.93 8.95 8.96 8.98 8.99 9.01 9.02 9.03 9.04 9.05 9.06 9.07 9.07 9.08 9.08 9.08 9.08 9.08 9.08 9.07 9.07 9.06 9.06 9.05 9.04 9.02 9.01 9.00 8.98 8.97 8.95 8.93 8.92 8.90 8.88 8.86 8.84 8.81 8.79 8.77 8.75 8.72 8.70 8.68 8.66 8.63 8.61 8.59 8.56 8.54 8.52 8.50 8.47 8.45 8.43 8.41 8.39 8.37 8.35 8.33 8.32 8.30 8.28 8.27 8.25 8.24 8.22 8.21 8.20 8.18 8.17 8.16 8.15 8.14 8.13 8.12
8.90 8.93 8.95 8.97 9.00 9.02 9.04 9.06 9.08 9.09 9.11 9.13 9.14 9.15 9.17 9.18 9.19 9.19 9.20 9.20 9.21 9.21 9.21 9.21 9.21 9.20 9.20 9.19 9.18 9.17 9.16 9.15 9.13 9.12 9.10 9.08 9.06 9.04 9.02 9.00 8.98 8.96 8.93 8.91 8.89 8.86 8.84 8.81 8.78 8.76 8.73 8.71 8.68 8.66 8.63 8.60 8.58 8.55 8.53 8.51 8.48 8.46 8.44 8.42 8.39 8.37 8.35 8.33 8.32 8.30 8.28 8.26 8.25 8.23 8.22 8.20 8.19 8.18 8.17 8.16 8.14 8.13
9.01 9.03 9.06 9.09 9.11 9.13 9.16 9.18 9.20 9.22 9.24 9.26 9.27 9.29 9.30 9.31 9.32 9.33 9.34 9.34 9.35 9.35 9.35 9.35 9.35 9.34 9.33 9.33 9.32 9.31 9.29 9.28 9.26 9.25 9.23 9.21 9.19 9.17 9.14 9.12 9.09 9.07 9.04 9.02 8.99 8.96 8.93 8.90 8.88 8.85 8.82 8.79 8.76 8.73 8.70 8.67 8.65 8.62 8.59 8.56 8.54 8.51 8.49 8.46 8.44 8.42 8.40 8.37 8.35 8.33 8.31 8.29 8.28 8.26 8.24 8.23 8.21 8.20 8.19 8.17 8.16 8.15
9.12 9.15 9.18 9.21 9.24 9.26 9.29 9.31 9.34 9.36 9.38 9.40 9.42 9.43 9.45 9.46 9.47 9.48 9.49 9.50 9.50 9.50 9.50 9.50 9.50 9.49 9.48 9.48 9.46 9.45 9.44 9.42 9.40 9.39 9.37 9.34 9.32 9.30 9.27 9.24 9.22 9.19 9.16 9.13 9.10 9.07 9.04 9.01 8.97 8.94 8.91 8.88 8.85 8.81 8.78 8.75 8.72 8.69 8.66 8.63 8.60 8.57 8.54 8.52 8.49 8.46 8.44 8.42 8.39 8.37 8.35 8.33 8.31 8.29 8.27 8.25 8.24 8.22 8.21 8.19 8.18 8.17
9.24 9.28 9.31 9.34 9.37 9.40 9.43 9.46 9.48 9.51 9.53 9.55 9.57 9.59 9.61 9.62 9.63 9.64 9.65 9.66 9.66 9.67 9.67 9.67 9.66 9.66 9.65 9.64 9.63 9.61 9.60 9.58 9.56 9.54 9.52 9.49 9.47 9.44 9.41 9.38 9.35 9.32 9.29 9.25 9.22 9.19 9.15 9.12 9.08 9.04 9.01 8.97 8.94 8.90 8.87 8.83 8.80 8.76 8.73 8.70 8.67 8.63 8.60 8.57 8.54 8.52 8.49 8.46 8.44 8.41 8.39 8.36 8.34 8.32 8.30 8.28 8.26 8.25 8.23 8.21 8.20 8.18
9.38 9.41 9.45 9.48 9.52 9.55 9.58 9.61 9.64 9.67 9.69 9.72 9.74 9.76 9.78 9.79 9.81 9.82 9.83 9.84 9.84 9.85 9.85 9.84 9.84 9.83 9.82 9.81 9.80 9.78 9.77 9.75 9.73 9.70 9.68 9.65 9.62 9.59 9.56 9.53 9.50 9.46 9.43 9.39 9.35 9.31 9.27 9.24 9.20 9.16 9.12 9.08 9.04 9.00 8.96 8.92 8.88 8.85 8.81 8.77 8.74 8.70 8.67 8.63 8.60 8.57 8.54 8.51 8.48 8.45 8.43 8.40 8.38 8.36 8.33 8.31 8.29 8.27 8.25 8.24 8.22 8.20
9.52 9.56 9.60 9.64 9.68 9.71 9.75 9.78 9.81 9.84 9.87 9.90 9.92 9.94 9.96 9.98 10.00 10.01 10.02 10.03 10.04 10.04 10.04 10.04 10.03 10.02 10.02 10.00 9.99 9.97 9.95 9.93 9.91 9.88 9.85 9.82 9.79 9.76 9.73 9.69 9.65 9.61 9.57 9.53 9.49 9.45 9.41 9.36 9.32 9.28 9.23 9.19 9.15 9.10 9.06 9.02 8.98 8.93 8.89 8.85 8.81 8.77 8.74 8.70 8.66 8.63 8.60 8.56 8.53 8.50 8.47 8.45 8.42 8.39 8.37 8.34 8.32 8.30 8.28 8.26 8.24 8.23
9.67 9.72 9.76 9.81 9.85 9.89 9.93 9.96 10.00 10.03 10.06 10.09 10.12 10.14 10.16 10.18 10.20 10.22 10.23 10.24 10.24 10.25 10.25 10.24 10.24 10.23 10.22 10.21 10.19 10.17 10.15 10.13 10.10 10.07 10.04 10.01 9.98 9.94 9.90 9.86 9.82 9.78 9.73 9.69 9.64 9.60 9.55 9.50 9.46 9.41 9.36 9.31 9.26 9.22 9.17 9.12 9.07 9.03 8.98 8.94 8.90 8.85 8.81 8.77 8.73 8.69 8.66 8.62 8.59 8.55 8.52 8.49 8.46 8.43 8.41 8.38 8.35 8.33 8.31 8.29 8.27 8.25
9.84 9.89 9.94 9.98 10.03 10.07 10.12 10.16 10.20 10.23 10.27 10.30 10.33 10.35 10.38 10.40 10.42 10.44 10.45 10.46 10.47 10.47 10.47 10.47 10.46 10.45 10.44 10.43 10.41 10.39 10.37 10.34 10.31 10.28 10.25 10.21 10.17 10.13 10.09 10.05 10.00 9.95 9.91 9.86 9.81 9.76 9.70 9.65 9.60 9.55 9.49 9.44 9.39 9.34 9.28 9.23 9.18 9.13 9.08 9.03 8.98 8.94 8.89 8.85 8.80 8.76 8.72 8.68 8.64 8.61 8.57 8.54 8.51 8.48 8.45 8.42 8.39 8.36 8.34 8.32 8.29 8.27
