india_ctv_citrus_disease_layer_output/demo_ctv_citrus_risk_raster.asc
ncols 300
nrows 310
xllcorner 66.0
yllcorner 5.0
cellsize 0.12
NODATA_value -9999
[rows 144 to 179 of 310, columns 164 to 245 of 300]
8.28 8.26 8.24 8.22 8.20 8.19 8.17 8.16 8.15 8.13 8.12 8.11 8.10 8.09 8.09 8.08 8.07 8.06 8.06 8.05 8.05 8.04 8.04 8.04 8.03 8.03 8.03 8.02 8.02 8.02 8.02 8.01 8.01 8.01 8.01 8.01 8.01 8.01 8.01 8.01 8.01 8.00 8.00 8.00 8.00 8.00 8.00 8.00 8.00 8.00 8.00 8.00 8.00 8.00 8.00 8.00 8.00 8.00 8.00 8.00 8.00 8.00 8.00 8.00 8.00 8.00 8.00 8.00 8.00 8.00 8.00 8.00 8.00 8.00 8.00 8.00 8.00 8.00 8.00 8.00 8.00 8.00
8.30 8.28 8.26 8.24 8.22 8.21 8.19 8.17 8.16 8.15 8.13 8.12 8.11 8.10 8.09 8.09 8.08 8.07 8.06 8.06 8.05 8.05 8.04 8.04 8.03 8.03 8.03 8.03 8.02 8.02 8.02 8.02 8.01 8.01 8.01 8.01 8.01 8.01 8.01 8.01 8.01 8.00 8.00 8.00 8.00 8.00 8.00 8.00 8.00 8.00 8.00 8.00 8.00 8.00 8.00 8.00 8.00 8.00 8.00 8.00 8.00 8.00 8.00 8.00 8.00 8.00 8.00 8.00 8.00 8.00 8.00 8.00 8.00 8.00 8.00 8.00 8.00 8.00 8.00 8.00 8.00 8.00
8.33 8.31 8.28 8.26 8.24 8.22 8.21 8.19 8.17 8.16 8.15 8.13 8.12 8.11 8.10 8.09 8.08 8.08 8.07 8.06 8.06 8.05 8.05 8.04 8.04 8.03 8.03 8.03 8.02 8.02 8.02 8.02 8.02 8.01 8.01 8.01 8.01 8.01 8.01 8.01 8.01 8.01 8.00 8.00 8.00 8.00 8.00 8.00 8.00 8.00 8.00 8.00 8.00 8.00 8.00 8.00 8.00 8.00 8.00 8.00 8.00 8.00 8.00 8.00 8.00 8.00 8.00 8.00 8.00 8.00 8.00 8.00 8.00 8.00 8.00 8.00 8.00 8.00 8.00 8.00 8.00 8.00
8.36 8.33 8.31 8.29 8.26 8.24 8.22 8.21 8.19 8.17 8.16 8.15 8.13 8.12 8.11 8.10 8.09 8.08 8.08 8.07 8.06 8.06 8.05 8.05 8.04 8.04 8.03 8.03 8.03 8.02 8.02 8.02 8.02 8.02 8.01 8.01 8.01 8.01 8.01 8.01 8.01 8.01 8.01 8.00 8.00 8.00 8.00 8.00 8.00 8.00 8.00 8.00 8.00 8.00 8.00 8.00 8.00 8.00 8.00 8.00 8.00 8.00 8.00 8.00 8.00 8.00 8.00 8.00 8.00 8.00 8.00 8.00 8.00 8.00 8.00 8.00 8.00 8.00 8.00 8.00 8.00 8.00
8.39 8.36 8.34 8.31 8.29 8.26 8.24 8.22 8.21 8.19 8.17 8.16 8.14 8.13 8.12 8.11 8.10 8.09 8.08 8.07 8.07 8.06 8.06 8.05 8.04 8.04 8.04 8.03 8.03 8.03 8.02 8.02 8.02 8.02 8.01 8.01 8.01 8.01 8.01 8.01 8.01 8.01 8.01 8.00 8.00 8.00 8.00 8.00 8.00 8.00 8.00 8.00 8.00 8.00 8.00 8.00 8.00 8.00 8.00 8.00 8.00 8.00 8.00 8.00 8.00 8.00 8.00 8.00 8.00 8.00 8.00 8.00 8.00 8.00 8.00 8.00 8.00 8.00 8.00 8.00 8.00 8.00
8.42 8.39 8.36 8.34 8.31 8.29 8.26 8.24 8.22 8.20 8.19 8.17 8.16 8.14 8.13 8.12 8.11 8.10 8.09 8.08 8.07 8.07 8.06 8.05 8.05 8.04 8.04 8.04 8.03 8.03 8.03 8.02 8.02 8.02 8.02 8.01 8.01 8.01 8.01 8.01 8.01 8.01 8.01 8.01 8.00 8.00 8.00 8.00 8.00 8.00 8.00 8.00 8.00 8.00 8.00 8.00 8.00 8.00 8.00 8.00 8.00 8.00 8.00 8.00 8.00 8.00 8.00 8.00 8.00 8.00 8.00 8.00 8.00 8.00 8.00 8.00 8.00 8.00 8.00 8.00 8.00 8.00
8.46 8.42 8.39 8.36 8.33 8.31 8.28 8.26 8.24 8.22 8.20 8.19 8.17 8.15 8.14 8.13 8.12 8.11 8.10 8.09 8.08 8.07 8.06 8.06 8.05 8.05 8.04 8.04 8.03 8.03 8.03 8.02 8.02 8.02 8.02 8.02 8.01 8.01 8.01 8.01 8.01 8.01 8.01 8.01 8.00 8.00 8.00 8.00 8.00 8.00 8.00 8.00 8.00 8.00 8.00 8.00 8.00 8.00 8.00 8.00 8.00 8.00 8.00 8.00 8.00 8.00 8.00 8.00 8.00 8.00 8.00 8.00 8.00 8.00 8.00 8.00 8.00 8.00 8.00 8.00 8.00 8.00
8.49 8.46 8.42 8.39 8.36 8.33 8.31 8.28 8.26 8.24 8.22 8.20 8.18 8.17 8.15 8.14 8.13 8.11 8.10 8.09 8.08 8.08 8.07 8.06 8.06 8.05 8.05 8.04 8.04 8.03 8.03 8.03 8.02 8.02 8.02 8.02 8.01 8.01 8.01 8.01 8.01 8.01 8.01 8.01 8.01 8.00 8.00 8.00 8.00 8.00 8.00 8.00 8.00 8.00 8.00 8.00 8.00 8.00 8.00 8.00 8.00 8.00 8.00 8.00 8.00 8.00 8.00 8.00 8.00 8.00 8.00 8.00 8.00 8.00 8.00 8.00 8.00 8.00 8.00 8.00 8.00 8.00
8.53 8.49 8.45 8.42 8.39 8.36 8.33 8.30 8.28 8.26 8.23 8.21 8.20 8.18 8.16 8.15 8.13 8.12 8.11 8.10 8.09 8.08 8.07 8.07 8.06 8.05 8.05 8.04 8.04 8.04 8.03 8.03 8.02 8.02 8.02 8.02 8.02 8.01 8.01 8.01 8.01 8.01 8.01 8.01 8.01 8.01 8.00 8.00 8.00 8.00 8.00 8.00 8.00 8.00 8.00 8.00 8.00 8.00 8.00 8.00 8.00 8.00 8.00 8.00 8.00 8.00 8.00 8.00 8.00 8.00 8.00 8.00 8.00 8.00 8.00 8.00 8.00 8.00 8.00 8.00 8.00 8.00
8.57 8.53 8.49 8.45 8.42 8.38 8.35 8.32 8.30 8.27 8.25 8.23 8.21 8.19 8.17 8.16 8.14 8.13 8.12 8.11 8.10 8.09 8.08 8.07 8.06 8.06 8.05 8.05 8.04 8.04 8.03 8.03 8.03 8.02 8.02 8.02 8.02 8.01 8.01 8.01 8.01 8.01 8.01 8.01 8.01 8.01 8.00 8.00 8.00 8.00 8.00 8.00 8.00 8.00 8.00 8.00 8.00 8.00 8.00 8.00 8.00 8.00 8.00 8.00 8.00 8.00 8.00 8.00 8.00 8.00 8.00 8.00 8.00 8.00 8.00 8.00 8.00 8.00 8.00 8.00 8.00 8.00
8.61 8.56 8.52 8.48 8.44 8.41 8.38 8.35 8.32 8.29 8.27 8.25 8.22 8.20 8.19 8.17 8.15 8.14 8.13 8.12 8.10 8.09 8.09 8.08 8.07 8.06 8.06 8.05 8.04 8.04 8.04 8.03 8.03 8.03 8.02 8.02 8.02 8.02 8.01 8.01 8.01 8.01 8.01 8.01 8.01 8.01 8.01 8.00 8.00 8.00 8.00 8.00 8.00 8.00 8.00 8.00 8.00 8.00 8.00 8.00 8.00 8.00 8.00 8.00 8.00 8.00 8.00 8.00 8.00 8.00 8.00 8.00 8.00 8.00 8.00 8.00 8.00 8.00 8.00 8.00 8.00 8.00
8.65 8.60 8.56 8.51 8.47 8.44 8.40 8.37 8.34 8.31 8.29 8.26 8.24 8.22 8.20 8.18 8.16 8.15 8.14 8.12 8.11 8.10 8.09 8.08 8.07 8.07 8.06 8.05 8.05 8.04 8.04 8.03 8.03 8.03 8.02 8.02 8.02 8.02 8.01 8.01 8.01 8.01 8.01 8.01 8.01 8.01 8.01 8.00 8.00 8.00 8.00 8.00 8.00 8.00 8.00 8.00 8.00 8.00 8.00 8.00 8.00 8.00 8.00 8.00 8.00 8.00 8.00 8.00 8.00 8.00 8.00 8.00 8.00 8.00 8.00 8.00 8.00 8.00 8.00 8.00 8.00 8.00
8.69 8.64 8.59 8.55 8.50 8.46 8.43 8.39 8.36 8.33 8.30 8.28 8.25 8.23 8.21 8.19 8.18 8.16 8.14 8.13 8.12 8.11 8.10 8.09 8.08 8.07 8.06 8.06 8.05 8.05 8.04 8.04 8.03 8.03 8.03 8.02 8.02 8.02 8.02 8.01 8.01 8.01 8.01 8.01 8.01 8.01 8.01 8.00 8.00 8.00 8.00 8.00 8.00 8.00 8.00 8.00 8.00 8.00 8.00 8.00 8.00 8.00 8.00 8.00 8.00 8.00 8.00 8.00 8.00 8.00 8.00 8.00 8.00 8.00 8.00 8.00 8.00 8.00 8.00 8.00 8.00 8.00
8.73 8.68 8.63 8.58 8.53 8.49 8.45 8.42 8.38 8.35 8.32 8.30 8.27 8.25 8.22 8.20 8.19 8.17 8.15 8.14 8.13 8.11 8.10 8.09 8.08 8.08 8.07 8.06 8.05 8.05 8.04 8.04 8.03 8.03 8.03 8.02 8.02 8.02 8.02 8.01 8.01 8.01 8.01 8.01 8.01 8.01 8.01 8.01 8.00 8.00 8.00 8.00 8.00 8.00 8.00 8.00 8.00 8.00 8.00 8.00 8.00 8.00 8.00 8.00 8.00 8.00 8.00 8.00 8.00 8.00 8.00 8.00 8.00 8.00 8.00 8.00 8.00 8.00 8.00 8.00 8.00 8.00
8.77 8.72 8.66 8.61 8.57 8.52 8.48 8.44 8.41 8.37 8.34 8.31 8.29 8.26 8.24 8.22 8.20 8.18 8.16 8.15 8.13 8.12 8.11 8.10 8.09 8.08 8.07 8.06 8.06 8.05 8.05 8.04 8.04 8.03 8.03 8.03 8.02 8.02 8.02 8.02 8.01 8.01 8.01 8.01 8.01 8.01 8.01 8.01 8.00 8.00 8.00 8.00 8.00 8.00 8.00 8.00 8.00 8.00 8.00 8.00 8.00 8.00 8.00 8.00 8.00 8.00 8.00 8.00 8.00 8.00 8.00 8.00 8.00 8.00 8.00 8.00 8.00 8.00 8.00 8.00 8.00 8.00
8.82 8.76 8.70 8.65 8.60 8.55 8.51 8.47 8.43 8.39 8.36 8.33 8.30 8.28 8.25 8.23 8.21 8.19 8.17 8.16 8.14 8.13 8.11 8.10 8.09 8.08 8.08 8.07 8.06 8.05 8.05 8.04 8.04 8.03 8.03 8.03 8.02 8.02 8.02 8.02 8.01 8.01 8.01 8.01 8.01 8.01 8.01 8.01 8.01 8.00 8.00 8.00 8.00 8.00 8.00 8.00 8.00 8.00 8.00 8.00 8.00 8.00 8.00 8.00 8.00 8.00 8.00 8.00 8.00 8.00 8.00 8.00 8.00 8.00 8.00 8.00 8.00 8.00 8.00 8.00 8.00 8.00
8.86 8.80 8.74 8.68 8.63 8.58 8.53 8.49 8.45 8.41 8.38 8.35 8.32 8.29 8.26 8.24 8.22 8.20 8.18 8.16 8.15 8.13 8.12 8.11 8.10 8.09 8.08 8.07 8.06 8.06 8.05 8.05 8.04 8.04 8.03 8.03 8.03 8.02 8.02 8.02 8.02 8.01 8.01 8.01 8.01 8.01 8.01 8.01 8.01 8.00 8.00 8.00 8.00 8.00 8.00 8.00 8.00 8.00 8.00 8.00 8.00 8.00 8.00 8.00 8.00 8.00 8.00 8.00 8.00 8.00 8.00 8.00 8.00 8.00 8.00 8.00 8.00 8.00 8.00 8.00 8.00 8.00
8.90 8.84 8.77 8.72 8.66 8.61 8.56 8.52 8.47 8.44 8.40 8.37 8.33 8.30 8.28 8.25 8.23 8.21 8.19 8.17 8.16 8.14 8.13 8.11 8.10 8.09 8.08 8.07 8.07 8.06 8.05 8.05 8.04 8.04 8.03 8.03 8.03 8.02 8.02 8.02 8.02 8.01 8.01 8.01 8.01 8.01 8.01 8.01 8.01 8.01 8.00 8.00 8.00 8.00 8.00 8.00 8.00 8.00 8.00 8.00 8.00 8.00 8.00 8.00 8.00 8.00 8.00 8.00 8.00 8.00 8.00 8.00 8.00 8.00 8.00 8.00 8.00 8.00 8.00 8.00 8.00 8.00
8.95 8.88 8.81 8.75 8.69 8.64 8.59 8.54 8.50 8.46 8.42 8.38 8.35 8.32 8.29 8.27 8.24 8.22 8.20 8.18 8.16 8.15 8.13 8.12 8.11 8.10 8.09 8.08 8.07 8.06 8.06 8.05 8.04 8.04 8.04 8.03 8.03 8.02 8.02 8.02 8.02 8.02 8.01 8.01 8.01 8.01 8.01 8.01 8.01 8.01 8.00 8.00 8.00 8.00 8.00 8.00 8.00 8.00 8.00 8.00 8.00 8.00 8.00 8.00 8.00 8.00 8.00 8.00 8.00 8.00 8.00 8.00 8.00 8.00 8.00 8.00 8.00 8.00 8.00 8.00 8.00 8.00
8.99 8.92 8.85 8.78 8.72 8.67 8.62 8.57 8.52 8.48 8.44 8.40 8.37 8.33 8.30 8.28 8.25 8.23 8.21 8.19 8.17 8.15 8.14 8.13 8.11 8.10 8.09 8.08 8.07 8.07 8.06 8.05 8.05 8.04 8.04 8.03 8.03 8.03 8.02 8.02 8.02 8.02 8.01 8.01 8.01 8.01 8.01 8.01 8.01 8.01 8.00 8.00 8.00 8.00 8.00 8.00 8.00 8.00 8.00 8.00 8.00 8.00 8.00 8.00 8.00 8.00 8.00 8.00 8.00 8.00 8.00 8.00 8.00 8.00 8.00 8.00 8.00 8.00 8.00 8.00 8.00 8.00
9.03 8.96 8.89 8.82 8.76 8.70 8.64 8.59 8.54 8.50 8.46 8.42 8.38 8.35 8.32 8.29 8.26 8.24 8.22 8.20 8.18 8.16 8.15 8.13 8.12 8.11 8.10 8.09 8.08 8.07 8.06 8.05 8.05 8.04 8.04 8.03 8.03 8.03 8.02 8.02 8.02 8.02 8.01 8.01 8.01 8.01 8.01 8.01 8.01 8.01 8.00 8.00 8.00 8.00 8.00 8.00 8.00 8.00 8.00 8.00 8.00 8.00 8.00 8.00 8.00 8.00 8.00 8.00 8.00 8.00 8.00 8.00 8.00 8.00 8.00 8.00 8.00 8.00 8.00 8.00 8.00 8.00
9.07 9.00 8.92 8.85 8.79 8.73 8.67 8.61 8.56 8.52 8.47 8.43 8.40 8.36 8.33 8.30 8.27 8.25 8.23 8.20 8.19 8.17 8.15 8.14 8.12 8.11 8.10 8.09 8.08 8.07 8.06 8.06 8.05 8.05 8.04 8.04 8.03 8.03 8.02 8.02 8.02 8.02 8.02 8.01 8.01 8.01 8.01 8.01 8.01 8.01 8.01 8.00 8.00 8.00 8.00 8.00 8.00 8.00 8.00 8.00 8.00 8.00 8.00 8.00 8.00 8.00 8.00 8.00 8.00 8.00 8.00 8.00 8.00 8.00 8.00 8.00 8.00 8.00 8.00 8.00 8.00 8.00
9.11 9.03 8.96 8.88 8.82 8.75 8.69 8.64 8.59 8.54 8.49 8.45 8.41 8.38 8.34 8.31 8.28 8.26 8.23 8.21 8.19 8.17 8.16 8.14 8.13 8.11 8.10 8.09 8.08 8.07 8.07 8.06 8.05 8.05 8.04 8.04 8.03 8.03 8.03 8.02 8.02 8.02 8.02 8.01 8.01 8.01 8.01 8.01 8.01 8.01 8.01 8.00 8.00 8.00 8.00 8.00 8.00 8.00 8.00 8.00 8.00 8.00 8.00 8.00 8.00 8.00 8.00 8.00 8.00 8.00 8.00 8.00 8.00 8.00 8.00 8.00 8.00 8.00 8.00 8.00 8.00 8.00
9.15 9.07 8.99 8.91 8.84 8.78 8.72 8.66 8.61 8.56 8.51 8.47 8.43 8.39 8.35 8.32 8.29 8.27 8.24 8.22 8.20 8.18 8.16 8.15 8.13 8.12 8.11 8.10 8.09 8.08 8.07 8.06 8.05 8.05 8.04 8.04 8.03 8.03 8.03 8.02 8.02 8.02 8.02 8.01 8.01 8.01 8.01 8.01 8.01 8.01 8.01 8.00 8.00 8.00 8.00 8.00 8.00 8.00 8.00 8.00 8.00 8.00 8.00 8.00 8.00 8.00 8.00 8.00 8.00 8.00 8.00 8.00 8.00 8.00 8.00 8.00 8.00 8.00 8.00 8.00 8.00 8.00
9.19 9.10 9.02 8.94 8.87 8.80 8.74 8.68 8.63 8.57 8.53 8.48 8.44 8.40 8.37 8.33 8.30 8.28 8.25 8.23 8.21 8.19 8.17 8.15 8.14 8.12 8.11 8.10 8.09 8.08 8.07 8.06 8.06 8.05 8.04 8.04 8.04 8.03 8.03 8.02 8.02 8.02 8.02 8.01 8.01 8.01 8.01 8.01 8.01 8.01 8.01 8.01 8.00 8.00 8.00 8.00 8.00 8.00 8.00 8.00 8.00 8.00 8.00 8.00 8.00 8.00 8.00 8.00 8.00 8.00 8.00 8.00 8.00 8.00 8.00 8.00 8.00 8.00 8.00 8.00 8.00 8.00
9.23 9.14 9.05 8.97 8.90 8.83 8.76 8.70 8.64 8.59 8.54 8.50 8.45 8.41 8.38 8.34 8.31 8.28 8.26 8.23 8.21 8.19 8.17 8.16 8.14 8.13 8.11 8.10 8.09 8.08 8.07 8.06 8.06 8.05 8.05 8.04 8.04 8.03 8.03 8.03 8.02 8.02 8.02 8.02 8.01 8.01 8.01 8.01 8.01 8.01 8.01 8.01 8.00 8.00 8.00 8.00 8.00 8.00 8.00 8.00 8.00 8.00 8.00 8.00 8.00 8.00 8.00 8.00 8.00 8.00 8.00 8.00 8.00 8.00 8.00 8.00 8.00 8.00 8.00 8.00 8.00 8.00
9.26 9.17 9.08 9.00 8.92 8.85 8.78 8.72 8.66 8.61 8.56 8.51 8.47 8.43 8.39 8.35 8.32 8.29 8.26 8.24 8.22 8.20 8.18 8.16 8.14 8.13 8.12 8.10 8.09 8.08 8.07 8.07 8.06 8.05 8.05 8.04 8.04 8.03 8.03 8.03 8.02 8.02 8.02 8.02 8.01 8.01 8.01 8.01 8.01 8.01 8.01 8.01 8.00 8.00 8.00 8.00 8.00 8.00 8.00 8.00 8.00 8.00 8.00 8.00 8.00 8.00 8.00 8.00 8.00 8.00 8.00 8.00 8.00 8.00 8.00 8.00 8.00 8.00 8.00 8.00 8.00 8.00
9.29 9.20 9.11 9.02 8.95 8.87 8.80 8.74 8.68 8.62 8.57 8.52 8.48 8.44 8.40 8.36 8.33 8.30 8.27 8.25 8.22 8.20 8.18 8.16 8.15 8.13 8.12 8.11 8.10 8.09 8.08 8.07 8.06 8.05 8.05 8.04 8.04 8.03 8.03 8.03 8.02 8.02 8.02 8.02 8.01 8.01 8.01 8.01 8.01 8.01 8.01 8.01 8.00 8.00 8.00 8.00 8.00 8.00 8.00 8.00 8.00 8.00 8.00 8.00 8.00 8.00 8.00 8.00 8.00 8.00 8.00 8.00 8.00 8.00 8.00 8.00 8.00 8.00 8.00 8.00 8.00 8.00
9.32 9.22 9.13 9.05 8.97 8.89 8.82 8.76 8.69 8.64 8.58 8.53 8.49 8.45 8.41 8.37 8.34 8.31 8.28 8.25 8.23 8.21 8.19 8.17 8.15 8.14 8.12 8.11 8.10 8.09 8.08 8.07 8.06 8.06 8.05 8.04 8.04 8.03 8.03 8.03 8.02 8.02 8.02 8.02 8.01 8.01 8.01 8.01 8.01 8.01 8.01 8.01 8.00 8.00 8.00 8.00 8.00 8.00 8.00 8.00 8.00 8.00 8.00 8.00 8.00 8.00 8.00 8.00 8.00 8.00 8.00 8.00 8.00 8.00 8.00 8.00 8.00 8.00 8.00 8.00 8.00 8.00
9.35 9.25 9.15 9.07 8.99 8.91 8.84 8.77 8.71 8.65 8.59 8.54 8.50 8.45 8.41 8.38 8.34 8.31 8.28 8.26 8.23 8.21 8.19 8.17 8.15 8.14 8.12 8.11 8.10 8.09 8.08 8.07 8.06 8.06 8.05 8.04 8.04 8.04 8.03 8.03 8.02 8.02 8.02 8.02 8.01 8.01 8.01 8.01 8.01 8.01 8.01 8.01 8.00 8.00 8.00 8.00 8.00 8.00 8.00 8.00 8.00 8.00 8.00 8.00 8.00 8.00 8.00 8.00 8.00 8.00 8.00 8.00 8.00 8.00 8.00 8.00 8.00 8.00 8.00 8.00 8.00 8.00
9.37 9.27 9.17 9.09 9.00 8.92 8.85 8.78 8.72 8.66 8.61 8.55 8.51 8.46 8.42 8.38 8.35 8.32 8.29 8.26 8.24 8.21 8.19 8.17 8.16 8.14 8.13 8.11 8.10 8.09 8.08 8.07 8.06 8.06 8.05 8.05 8.04 8.04 8.03 8.03 8.02 8.02 8.02 8.02 8.01 8.01 8.01 8.01 8.01 8.01 8.01 8.01 8.01 8.00 8.00 8.00 8.00 8.00 8.00 8.00 8.00 8.00 8.00 8.00 8.00 8.00 8.00 8.00 8.00 8.00 8.00 8.00 8.00 8.00 8.00 8.00 8.00 8.00 8.00 8.00 8.00 8.00
9.39 9.29 9.19 9.10 9.02 8.94 8.86 8.79 8.73 8.67 8.61 8.56 8.51 8.47 8.43 8.39 8.35 8.32 8.29 8.26 8.24 8.22 8.20 8.18 8.16 8.14 8.13 8.11 8.10 8.09 8.08 8.07 8.07 8.06 8.05 8.05 8.04 8.04 8.03 8.03 8.03 8.02 8.02 8.02 8.01 8.01 8.01 8.01 8.01 8.01 8.01 8.01 8.01 8.00 8.00 8.00 8.00 8.00 8.00 8.00 8.00 8.00 8.00 8.00 8.00 8.00 8.00 8.00 8.00 8.00 8.00 8.00 8.00 8.00 8.00 8.00 8.00 8.00 8.00 8.00 8.00 8.00
9.41 9.30 9.21 9.12 9.03 8.95 8.87 8.80 8.74 8.68 8.62 8.57 8.52 8.47 8.43 8.39 8.36 8.33 8.30 8.27 8.24 8.22 8.20 8.18 8.16 8.14 8.13 8.12 8.10 8.09 8.08 8.07 8.07 8.06 8.05 8.05 8.04 8.04 8.03 8.03 8.03 8.02 8.02 8.02 8.02 8.01 8.01 8.01 8.01 8.01 8.01 8.01 8.01 8.00 8.00 8.00 8.00 8.00 8.00 8.00 8.00 8.00 8.00 8.00 8.00 8.00 8.00 8.00 8.00 8.00 8.00 8.00 8.00 8.00 8.00 8.00 8.00 8.00 8.00 8.00 8.00 8.00
9.42 9.32 9.22 9.13 9.04 8.96 8.88 8.81 8.75 8.68 8.63 8.57 8.52 8.48 8.44 8.40 8.36 8.33 8.30 8.27 8.24 8.22 8.20 8.18 8.16 8.15 8.13 8.12 8.11 8.09 8.08 8.08 8.07 8.06 8.05 8.05 8.04 8.04 8.03 8.03 8.03 8.02 8.02 8.02 8.02 8.01 8.01 8.01 8.01 8.01 8.01 8.01 8.01 8.00 8.00 8.00 8.00 8.00 8.00 8.00 8.00 8.00 8.00 8.00 8.00 8.00 8.00 8.00 8.00 8.00 8.00 8.00 8.00 8.00 8.00 8.00 8.00 8.00 8.00 8.00 8.00 8.00
9.43 9.33 9.23 9.13 9.05 8.97 8.89 8.82 8.75 8.69 8.63 8.58 8.53 8.48 8.44 8.40 8.36 8.33 8.30 8.27 8.25 8.22 8.20 8.18 8.16 8.15 8.13 8.12 8.11 8.09 8.08 8.08 8.07 8.06 8.05 8.05 8.04 8.04 8.03 8.03 8.03 8.02 8.02 8.02 8.02 8.01 8.01 8.01 8.01 8.01 8.01 8.01 8.01 8.00 8.00 8.00 8.00 8.00 8.00 8.00 8.00 8.00 8.00 8.00 8.00 8.00 8.00 8.00 8.00 8.00 8.00 8.00 8.00 8.00 8.00 8.00 8.00 8.00 8.00 8.00 8.00 8.00
9.44 9.33 9.23 9.14 9.05 8.97 8.89 8.82 8.75 8.69 8.63 8.58 8.53 8.48 8.44 8.40 8.37 8.33 8.30 8.27 8.25 8.22 8.20 8.18 8.16 8.15 8.13 8.12 8.11 8.10 8.09 8.08 8.07 8.06 8.05 8.05 8.04 8.04 8.03 8.03 8.03 8.02 8.02 8.02 8.02 8.01 8.01 8.01 8.01 8.01 8.01 8.01 8.01 8.00 8.00 8.00 8.00 8.00 8.00 8.00 8.00 8.00 8.00 8.00 8.00 8.00 8.00 8.00 8.00 8.00 8.00 8.00 8.00 8.00 8.00 8.00 8.00 8.00 8.00 8.00 8.00 8.00
