india_ctv_citrus_disease_layer_output/demo_ctv_citrus_risk_raster.asc
ncols 300
nrows 310
xllcorner 66.0
yllcorner 5.0
cellsize 0.12
NODATA_value -9999
[rows 252 to 287 of 310, columns 82 to 163 of 300]
44.56 49.51 54.83 60.38 66.01 71.50 76.62 81.12 84.74 87.27 88.55 88.50 87.09 84.40 80.57 75.81 70.36 64.47 58.42 52.45 46.75 41.49 36.76 32.64 29.13 26.21 23.84 21.93 20.42 19.24 18.31 17.57 16.98 16.48 16.05 15.67 15.32 14.99 14.68 14.37 14.07 13.77 13.48 13.20 12.92 12.64 12.38 12.12 11.87 11.62 11.39 11.16 10.95 10.74 10.54 10.35 10.17 10.00 9.85 9.70 9.55 9.42 9.30 9.18 9.08 8.98 8.89 8.80 8.72 8.65 8.58 8.52 8.47 8.42 8.37 8.33 8.30 8.26 8.23 8.21 8.18 8.16
46.50 52.10 58.08 64.26 70.44 76.34 81.68 86.17 89.55 91.61 92.22 91.33 89.01 85.38 80.67 75.12 69.04 62.69 56.36 50.26 44.58 39.44 34.91 31.02 27.76 25.07 22.90 21.17 19.81 18.74 17.90 17.23 16.68 16.22 15.82 15.46 15.13 14.81 14.51 14.21 13.92 13.63 13.35 13.07 12.80 12.53 12.27 12.02 11.77 11.53 11.31 11.09 10.87 10.67 10.48 10.29 10.12 9.96 9.80 9.65 9.52 9.39 9.27 9.15 9.05 8.95 8.86 8.78 8.70 8.63 8.57 8.51 8.46 8.41 8.36 8.32 8.29 8.26 8.23 8.20 8.18 8.15
48.48 54.77 61.47 68.35 75.15 81.55 87.21 91.80 95.04 96.73 96.76 95.13 91.95 87.43 81.84 75.50 68.75 61.89 55.19 48.89 43.13 38.01 33.57 29.82 26.71 24.19 22.16 20.56 19.30 18.32 17.54 16.92 16.41 15.97 15.59 15.25 14.93 14.63 14.33 14.04 13.76 13.48 13.21 12.93 12.67 12.41 12.16 11.91 11.67 11.44 11.22 11.00 10.80 10.60 10.41 10.23 10.06 9.90 9.75 9.61 9.48 9.35 9.23 9.12 9.02 8.93 8.84 8.76 8.69 8.62 8.55 8.50 8.45 8.40 8.35 8.32 8.28 8.25 8.22 8.19 8.17 8.15
50.37 57.35 64.77 72.37 79.83 86.77 92.80 97.57 100.00 100.00 100.00 99.46 95.52 90.18 83.78 76.69 69.27 61.88 54.78 48.21 42.30 37.12 32.70 29.01 25.99 23.55 21.61 20.09 18.90 17.96 17.23 16.64 16.15 15.73 15.37 15.04 14.73 14.43 14.15 13.87 13.59 13.32 13.05 12.79 12.53 12.28 12.04 11.80 11.56 11.34 11.12 10.92 10.72 10.52 10.34 10.17 10.00 9.85 9.70 9.56 9.43 9.31 9.20 9.09 8.99 8.90 8.82 8.74 8.66 8.60 8.54 8.48 8.43 8.39 8.34 8.31 8.27 8.24 8.21 8.19 8.17 8.15
52.00 59.63 67.73 76.00 84.09 91.56 97.99 100.00 100.00 100.00 100.00 100.00 99.22 93.18 86.07 78.30 70.29 62.40 54.92 48.06 41.96 36.68 32.22 28.52 25.52 23.12 21.22 19.74 18.58 17.67 16.95 16.38 15.90 15.50 15.14 14.82 14.52 14.23 13.95 13.68 13.42 13.15 12.90 12.64 12.39 12.15 11.91 11.68 11.45 11.24 11.03 10.82 10.63 10.44 10.27 10.10 9.94 9.79 9.65 9.51 9.39 9.27 9.16 9.06 8.96 8.87 8.79 8.71 8.64 8.58 8.52 8.47 8.42 8.37 8.33 8.30 8.26 8.23 8.21 8.18 8.16 8.14
53.23 61.39 70.06 78.92 87.54 95.48 100.00 100.00 100.00 100.00 100.00 100.00 100.00 95.91 88.24 79.94 71.45 63.15 55.33 48.22 41.95 36.55 32.01 28.28 25.26 22.86 20.96 19.48 18.33 17.42 16.71 16.14 15.67 15.27 14.92 14.60 14.31 14.03 13.76 13.49 13.23 12.98 12.73 12.48 12.24 12.01 11.78 11.55 11.34 11.13 10.92 10.73 10.54 10.36 10.19 10.03 9.87 9.73 9.59 9.46 9.34 9.23 9.12 9.02 8.93 8.84 8.76 8.69 8.62 8.56 8.50 8.45 8.40 8.36 8.32 8.29 8.25 8.23 8.20 8.18 8.16 8.14
53.88 62.43 71.52 80.80 89.82 98.11 100.00 100.00 100.00 100.00 100.00 100.00 100.00 97.88 89.84 81.19 72.37 63.79 55.75 48.47 42.06 36.57 31.96 28.18 25.13 22.70 20.79 19.29 18.13 17.21 16.49 15.91 15.44 15.04 14.69 14.38 14.09 13.81 13.55 13.30 13.05 12.80 12.56 12.32 12.09 11.86 11.64 11.43 11.22 11.01 10.82 10.63 10.45 10.28 10.11 9.96 9.81 9.67 9.53 9.41 9.29 9.18 9.08 8.98 8.89 8.81 8.73 8.66 8.60 8.54 8.48 8.43 8.39 8.35 8.31 8.28 8.24 8.22 8.19 8.17 8.15 8.13
53.84 62.59 71.90 81.40 90.64 99.11 100.00 100.00 100.00 100.00 100.00 100.00 100.00 98.66 90.47 81.67 72.74 64.05 55.93 48.58 42.12 36.59 31.95 28.15 25.07 22.61 20.67 19.14 17.95 17.02 16.28 15.69 15.21 14.81 14.46 14.15 13.86 13.60 13.34 13.10 12.85 12.62 12.39 12.16 11.93 11.71 11.50 11.29 11.09 10.90 10.71 10.53 10.35 10.19 10.03 9.88 9.74 9.60 9.47 9.35 9.24 9.14 9.04 8.94 8.86 8.78 8.71 8.64 8.58 8.52 8.47 8.42 8.37 8.33 8.30 8.27 8.24 8.21 8.18 8.16 8.14 8.13
53.01 61.76 71.07 80.57 89.81 98.28 100.00 100.00 100.00 100.00 100.00 100.00 100.00 97.96 89.84 81.13 72.29 63.69 55.65 48.38 41.98 36.49 31.87 28.07 24.99 22.51 20.55 19.00 17.78 16.83 16.07 15.47 14.98 14.57 14.22 13.92 13.64 13.38 13.13 12.89 12.66 12.43 12.21 11.99 11.77 11.56 11.36 11.16 10.97 10.78 10.60 10.42 10.26 10.10 9.95 9.80 9.67 9.54 9.41 9.30 9.19 9.09 8.99 8.91 8.82 8.75 8.68 8.61 8.55 8.50 8.45 8.40 8.36 8.32 8.29 8.25 8.23 8.20 8.18 8.16 8.14 8.12
51.39 59.92 69.00 78.28 87.31 95.58 100.00 100.00 100.00 100.00 100.00 100.00 100.00 95.63 87.81 79.41 70.87 62.57 54.79 47.74 41.51 36.16 31.64 27.89 24.83 22.37 20.40 18.83 17.60 16.62 15.85 15.24 14.74 14.33 13.98 13.68 13.40 13.15 12.91 12.68 12.46 12.24 12.03 11.82 11.61 11.41 11.21 11.02 10.84 10.66 10.49 10.32 10.16 10.01 9.86 9.73 9.59 9.47 9.35 9.24 9.14 9.04 8.95 8.87 8.79 8.72 8.65 8.59 8.53 8.48 8.43 8.38 8.34 8.31 8.27 8.24 8.22 8.19 8.17 8.15 8.13 8.12
49.01 57.13 65.78 74.61 83.21 91.10 97.81 100.00 100.00 100.00 100.00 100.00 98.03 91.70 84.37 76.48 68.44 60.62 53.27 46.58 40.66 35.53 31.18 27.55 24.56 22.14 20.18 18.62 17.38 16.40 15.62 15.00 14.50 14.09 13.74 13.44 13.17 12.92 12.69 12.47 12.26 12.05 11.84 11.64 11.45 11.25 11.07 10.88 10.71 10.54 10.37 10.21 10.06 9.92 9.78 9.65 9.52 9.40 9.29 9.19 9.09 8.99 8.91 8.83 8.75 8.68 8.62 8.56 8.50 8.45 8.41 8.37 8.33 8.29 8.26 8.23 8.21 8.18 8.16 8.14 8.13 8.11
45.99 53.52 61.56 69.76 77.76 85.10 91.36 96.15 99.16 100.00 99.31 96.51 92.07 86.31 79.63 72.42 65.06 57.87 51.09 44.89 39.38 34.57 30.46 27.01 24.15 21.80 19.89 18.35 17.12 16.14 15.36 14.74 14.24 13.83 13.49 13.19 12.93 12.69 12.47 12.26 12.05 11.85 11.66 11.47 11.28 11.10 10.92 10.75 10.58 10.42 10.26 10.11 9.96 9.83 9.69 9.57 9.45 9.34 9.23 9.13 9.03 8.95 8.86 8.79 8.72 8.65 8.59 8.53 8.48 8.43 8.39 8.35 8.31 8.28 8.25 8.22 8.20 8.17 8.15 8.14 8.12 8.11
42.48 49.30 56.57 64.01 71.26 77.93 83.63 88.01 90.81 91.86 91.13 88.72 84.83 79.76 73.84 67.44 60.87 54.43 48.33 42.72 37.70 33.29 29.49 26.26 23.56 21.33 19.49 18.00 16.81 15.85 15.08 14.47 13.97 13.57 13.23 12.95 12.69 12.46 12.25 12.05 11.85 11.66 11.47 11.29 11.12 10.94 10.77 10.61 10.45 10.29 10.15 10.00 9.86 9.73 9.61 9.49 9.38 9.27 9.17 9.07 8.98 8.90 8.82 8.75 8.68 8.62 8.56 8.51 8.46 8.41 8.37 8.33 8.30 8.26 8.24 8.21 8.19 8.16 8.15 8.13 8.11 8.10
38.66 44.69 51.11 57.69 64.10 70.01 75.08 79.00 81.54 82.56 82.03 80.03 76.73 72.39 67.31 61.77 56.07 50.45 45.09 40.14 35.67 31.71 28.27 25.31 22.82 20.73 19.00 17.58 16.43 15.51 14.76 14.17 13.69 13.30 12.97 12.69 12.45 12.23 12.03 11.83 11.65 11.47 11.29 11.12 10.95 10.79 10.63 10.47 10.32 10.17 10.03 9.90 9.77 9.64 9.52 9.41 9.30 9.20 9.11 9.02 8.93 8.85 8.78 8.71 8.64 8.58 8.53 8.48 8.43 8.39 8.35 8.31 8.28 8.25 8.22 8.20 8.18 8.16 8.14 8.12 8.11 8.09
34.73 39.92 45.46 51.13 56.66 61.78 66.18 69.61 71.88 72.85 72.50 70.91 68.20 64.61 60.36 55.71 50.89 46.11 41.53 37.26 33.37 29.89 26.84 24.19 21.92 20.01 18.41 17.09 16.00 15.13 14.42 13.85 13.39 13.02 12.71 12.44 12.21 12.00 11.81 11.62 11.45 11.28 11.11 10.95 10.79 10.63 10.48 10.34 10.19 10.05 9.92 9.79 9.67 9.55 9.44 9.33 9.23 9.14 9.04 8.96 8.88 8.80 8.73 8.67 8.61 8.55 8.50 8.45 8.41 8.37 8.33 8.30 8.26 8.24 8.21 8.19 8.17 8.15 8.13 8.12 8.10 8.09
30.86 35.23 39.88 44.65 49.32 53.64 57.38 60.31 62.29 63.20 63.02 61.80 59.66 56.77 53.33 49.53 45.58 41.62 37.80 34.20 30.90 27.91 25.25 22.93 20.91 19.19 17.74 16.53 15.53 14.71 14.05 13.52 13.09 12.73 12.44 12.19 11.97 11.77 11.59 11.42 11.25 11.09 10.93 10.78 10.63 10.48 10.34 10.20 10.07 9.94 9.81 9.69 9.57 9.46 9.36 9.26 9.16 9.07 8.98 8.90 8.83 8.76 8.69 8.63 8.57 8.52 8.47 8.43 8.38 8.35 8.31 8.28 8.25 8.22 8.20 8.18 8.16 8.14 8.12 8.11 8.10 8.08
27.21 30.79 34.61 38.53 42.37 45.94 49.03 51.49 53.18 54.01 53.97 53.09 51.46 49.22 46.52 43.51 40.35 37.16 34.05 31.10 28.35 25.84 23.58 21.57 19.81 18.30 17.00 15.92 15.01 14.27 13.66 13.17 12.77 12.44 12.17 11.94 11.73 11.55 11.38 11.21 11.06 10.91 10.76 10.61 10.47 10.34 10.20 10.07 9.94 9.82 9.70 9.59 9.48 9.38 9.28 9.18 9.09 9.01 8.93 8.85 8.78 8.71 8.65 8.59 8.54 8.49 8.44 8.40 8.36 8.33 8.29 8.26 8.23 8.21 8.19 8.17 8.15 8.13 8.12 8.10 8.09 8.08
23.89 26.75 29.82 32.96 36.05 38.92 41.44 43.45 44.87 45.61 45.67 45.07 43.89 42.21 40.16 37.84 35.39 32.89 30.43 28.05 25.82 23.75 21.87 20.17 18.67 17.36 16.23 15.28 14.47 13.81 13.26 12.82 12.46 12.16 11.90 11.69 11.50 11.32 11.16 11.01 10.87 10.73 10.59 10.45 10.32 10.19 10.06 9.94 9.82 9.71 9.60 9.49 9.39 9.29 9.20 9.11 9.02 8.94 8.87 8.80 8.73 8.67 8.61 8.56 8.51 8.46 8.42 8.38 8.34 8.31 8.27 8.25 8.22 8.20 8.18 8.16 8.14 8.12 8.11 8.10 8.08 8.07
20.96 23.21 25.60 28.07 30.49 32.76 34.75 36.37 37.54 38.19 38.33 37.95 37.13 35.92 34.41 32.69 30.84 28.93 27.03 25.17 23.39 21.73 20.19 18.79 17.53 16.42 15.45 14.62 13.92 13.34 12.86 12.46 12.14 11.87 11.64 11.44 11.27 11.11 10.96 10.82 10.68 10.55 10.42 10.29 10.17 10.05 9.93 9.82 9.71 9.60 9.49 9.39 9.30 9.21 9.12 9.04 8.96 8.88 8.81 8.75 8.68 8.63 8.57 8.52 8.47 8.43 8.39 8.35 8.32 8.29 8.26 8.23 8.21 8.18 8.16 8.15 8.13 8.11 8.10 8.09 8.08 8.07
18.46 20.18 22.02 23.91 25.77 27.52 29.07 30.35 31.29 31.85 32.03 31.83 31.29 30.45 29.39 28.15 26.79 25.37 23.94 22.51 21.13 19.82 18.58 17.45 16.41 15.49 14.68 13.98 13.38 12.88 12.46 12.12 11.83 11.59 11.38 11.20 11.04 10.90 10.76 10.63 10.50 10.38 10.26 10.14 10.03 9.91 9.80 9.70 9.59 9.49 9.39 9.30 9.21 9.13 9.05 8.97 8.89 8.82 8.76 8.70 8.64 8.58 8.53 8.49 8.44 8.40 8.36 8.33 8.30 8.27 8.24 8.21 8.19 8.17 8.15 8.14 8.12 8.11 8.09 8.08 8.07 8.06
16.39 17.68 19.06 20.47 21.88 23.20 24.38 25.37 26.11 26.59 26.78 26.71 26.38 25.83 25.11 24.25 23.28 22.26 21.20 20.14 19.09 18.07 17.10 16.19 15.36 14.60 13.94 13.35 12.85 12.43 12.08 11.78 11.53 11.32 11.13 10.97 10.83 10.69 10.57 10.45 10.33 10.22 10.10 9.99 9.89 9.78 9.68 9.58 9.48 9.39 9.30 9.21 9.13 9.05 8.97 8.90 8.83 8.77 8.71 8.65 8.59 8.54 8.50 8.45 8.41 8.37 8.34 8.31 8.28 8.25 8.22 8.20 8.18 8.16 8.14 8.13 8.11 8.10 8.09 8.08 8.07 8.06
14.71 15.66 16.67 17.72 18.75 19.73 20.62 21.37 21.95 22.34 22.54 22.54 22.37 22.03 21.56 20.98 20.32 19.60 18.84 18.06 17.28 16.50 15.76 15.05 14.39 13.78 13.24 12.77 12.36 12.01 11.71 11.45 11.24 11.05 10.89 10.75 10.62 10.50 10.38 10.27 10.16 10.06 9.95 9.85 9.75 9.65 9.56 9.47 9.38 9.29 9.21 9.13 9.05 8.97 8.90 8.84 8.77 8.71 8.66 8.60 8.55 8.51 8.46 8.42 8.38 8.35 8.31 8.28 8.26 8.23 8.21 8.19 8.17 8.15 8.13 8.12 8.10 8.09 8.08 8.07 8.06 8.06
13.38 14.07 14.80 15.56 16.31 17.03 17.68 18.24 18.68 19.00 19.19 19.24 19.16 18.97 18.68 18.31 17.87 17.38 16.85 16.29 15.71 15.14 14.57 14.03 13.51 13.04 12.61 12.23 11.90 11.61 11.36 11.15 10.97 10.81 10.67 10.54 10.42 10.31 10.21 10.10 10.00 9.91 9.81 9.71 9.62 9.53 9.44 9.36 9.28 9.19 9.12 9.04 8.97 8.90 8.84 8.78 8.72 8.66 8.61 8.56 8.51 8.47 8.43 8.39 8.35 8.32 8.29 8.26 8.24 8.21 8.19 8.17 8.15 8.14 8.12 8.11 8.10 8.09 8.08 8.07 8.06 8.05
12.35 12.84 13.37 13.90 14.44 14.96 15.43 15.84 16.18 16.44 16.60 16.67 16.66 16.57 16.40 16.17 15.89 15.56 15.20 14.81 14.39 13.97 13.55 13.14 12.75 12.38 12.04 11.74 11.48 11.24 11.04 10.86 10.71 10.57 10.45 10.34 10.23 10.13 10.04 9.94 9.85 9.76 9.67 9.58 9.50 9.42 9.33 9.26 9.18 9.10 9.03 8.96 8.90 8.83 8.77 8.72 8.66 8.61 8.56 8.52 8.47 8.43 8.39 8.36 8.33 8.30 8.27 8.24 8.22 8.20 8.18 8.16 8.14 8.13 8.11 8.10 8.09 8.08 8.07 8.06 8.05 8.05
11.56 11.91 12.28 12.66 13.04 13.40 13.74 14.05 14.30 14.50 14.64 14.72 14.74 14.71 14.62 14.49 14.32 14.11 13.86 13.59 13.30 12.99 12.68 12.38 12.08 11.80 11.54 11.31 11.10 10.91 10.75 10.60 10.47 10.35 10.25 10.15 10.05 9.96 9.88 9.79 9.71 9.62 9.54 9.46 9.38 9.31 9.23 9.16 9.09 9.02 8.95 8.89 8.83 8.77 8.71 8.66 8.61 8.56 8.52 8.48 8.44 8.40 8.36 8.33 8.30 8.27 8.25 8.22 8.20 8.18 8.16 8.15 8.13 8.12 8.10 8.09 8.08 8.07 8.06 8.06 8.05 8.04
10.95 11.20 11.46 11.73 12.00 12.26 12.50 12.72 12.91 13.06 13.18 13.26 13.29 13.29 13.26 13.19 13.08 12.95 12.79 12.61 12.40 12.19 11.96 11.74 11.52 11.31 11.11 10.93 10.76 10.61 10.48 10.36 10.25 10.15 10.06 9.97 9.88 9.80 9.72 9.64 9.57 9.49 9.42 9.34 9.27 9.20 9.13 9.06 9.00 8.94 8.88 8.82 8.76 8.71 8.66 8.61 8.56 8.52 8.48 8.44 8.40 8.37 8.33 8.30 8.28 8.25 8.23 8.21 8.19 8.17 8.15 8.13 8.12 8.11 8.10 8.09 8.08 8.07 8.06 8.05 8.05 8.04
10.49 10.67 10.85 11.04 11.23 11.41 11.59 11.75 11.89 12.00 12.10 12.17 12.21 12.23 12.22 12.19 12.13 12.05 11.94 11.82 11.68 11.53 11.37 11.20 11.04 10.88 10.73 10.59 10.46 10.34 10.24 10.14 10.05 9.96 9.88 9.80 9.73 9.65 9.58 9.51 9.44 9.37 9.30 9.23 9.17 9.10 9.04 8.98 8.92 8.86 8.80 8.75 8.70 8.65 8.60 8.56 8.51 8.47 8.44 8.40 8.37 8.34 8.31 8.28 8.25 8.23 8.21 8.19 8.17 8.15 8.14 8.12 8.11 8.10 8.09 8.08 8.07 8.06 8.05 8.05 8.04 8.04
10.13 10.26 10.39 10.53 10.66 10.80 10.92 11.04 11.14 11.23 11.31 11.36 11.41 11.43 11.44 11.42 11.39 11.34 11.28 11.20 11.10 10.99 10.88 10.76 10.64 10.52 10.41 10.30 10.20 10.11 10.02 9.94 9.86 9.78 9.71 9.64 9.58 9.51 9.44 9.38 9.32 9.25 9.19 9.13 9.07 9.01 8.95 8.89 8.84 8.79 8.73 8.69 8.64 8.59 8.55 8.51 8.47 8.43 8.40 8.37 8.34 8.31 8.28 8.26 8.23 8.21 8.19 8.17 8.16 8.14 8.13 8.11 8.10 8.09 8.08 8.07 8.06 8.06 8.05 8.04 8.04 8.03
9.85 9.95 10.05 10.14 10.24 10.34 10.43 10.51 10.59 10.66 10.72 10.77 10.81 10.83 10.84 10.84 10.83 10.80 10.76 10.70 10.64 10.56 10.48 10.39 10.30 10.22 10.13 10.05 9.97 9.89 9.82 9.75 9.68 9.62 9.56 9.50 9.44 9.38 9.32 9.26 9.20 9.14 9.09 9.03 8.97 8.92 8.87 8.82 8.77 8.72 8.67 8.63 8.58 8.54 8.50 8.47 8.43 8.40 8.36 8.33 8.31 8.28 8.26 8.23 8.21 8.19 8.17 8.16 8.14 8.13 8.12 8.10 8.09 8.08 8.07 8.07 8.06 8.05 8.05 8.04 8.04 8.03
9.63 9.70 9.78 9.85 9.92 9.99 10.06 10.13 10.18 10.24 10.28 10.32 10.36 10.38 10.39 10.40 10.39 10.37 10.35 10.31 10.26 10.21 10.15 10.09 10.02 9.96 9.89 9.83 9.76 9.70 9.64 9.58 9.53 9.47 9.42 9.36 9.31 9.25 9.20 9.15 9.09 9.04 8.99 8.94 8.89 8.84 8.79 8.74 8.70 8.65 8.61 8.57 8.53 8.49 8.46 8.42 8.39 8.36 8.33 8.30 8.28 8.26 8.23 8.21 8.19 8.18 8.16 8.14 8.13 8.12 8.10 8.09 8.08 8.08 8.07 8.06 8.05 8.05 8.04 8.04 8.03 8.03
9.44 9.50 9.56 9.62 9.67 9.73 9.78 9.83 9.87 9.92 9.95 9.98 10.01 10.03 10.04 10.05 10.05 10.04 10.02 9.99 9.96 9.92 9.88 9.84 9.79 9.74 9.68 9.63 9.58 9.53 9.48 9.43 9.38 9.33 9.28 9.23 9.19 9.14 9.09 9.04 8.99 8.94 8.90 8.85 8.80 8.76 8.72 8.67 8.63 8.59 8.55 8.52 8.48 8.45 8.42 8.38 8.36 8.33 8.30 8.28 8.25 8.23 8.21 8.19 8.18 8.16 8.14 8.13 8.12 8.11 8.10 8.09 8.08 8.07 8.06 8.05 8.05 8.04 8.04 8.03 8.03 8.03
9.29 9.33 9.38 9.43 9.47 9.51 9.56 9.59 9.63 9.66 9.69 9.72 9.74 9.76 9.77 9.77 9.77 9.77 9.76 9.74 9.72 9.69 9.66 9.62 9.58 9.54 9.50 9.46 9.42 9.38 9.33 9.29 9.25 9.20 9.16 9.12 9.07 9.03 8.99 8.94 8.90 8.86 8.81 8.77 8.73 8.69 8.65 8.61 8.57 8.54 8.50 8.47 8.44 8.41 8.38 8.35 8.32 8.30 8.27 8.25 8.23 8.21 8.19 8.17 8.16 8.14 8.13 8.12 8.11 8.10 8.09 8.08 8.07 8.06 8.06 8.05 8.04 8.04 8.03 8.03 8.03 8.02
9.15 9.19 9.23 9.27 9.30 9.34 9.37 9.40 9.43 9.46 9.48 9.51 9.52 9.54 9.55 9.55 9.55 9.55 9.54 9.53 9.51 9.49 9.46 9.44 9.41 9.38 9.34 9.31 9.27 9.24 9.20 9.16 9.12 9.09 9.05 9.01 8.97 8.93 8.89 8.85 8.81 8.77 8.73 8.70 8.66 8.62 8.59 8.55 8.52 8.49 8.45 8.42 8.39 8.37 8.34 8.31 8.29 8.27 8.25 8.23 8.21 8.19 8.17 8.16 8.14 8.13 8.12 8.11 8.10 8.09 8.08 8.07 8.06 8.06 8.05 8.04 8.04 8.03 8.03 8.03 8.02 8.02
9.03 9.06 9.10 9.13 9.16 9.19 9.22 9.24 9.27 9.29 9.31 9.33 9.34 9.35 9.36 9.37 9.37 9.37 9.36 9.35 9.34 9.32 9.30 9.28 9.25 9.23 9.20 9.17 9.14 9.11 9.08 9.05 9.01 8.98 8.94 8.91 8.87 8.84 8.80 8.77 8.73 8.70 8.66 8.63 8.59 8.56 8.53 8.50 8.47 8.44 8.41 8.38 8.36 8.33 8.31 8.28 8.26 8.24 8.22 8.20 8.19 8.17 8.16 8.14 8.13 8.12 8.11 8.10 8.09 8.08 8.07 8.06 8.06 8.05 8.04 8.04 8.04 8.03 8.03 8.02 8.02 8.02
8.92 8.95 8.98 9.01 9.04 9.06 9.09 9.11 9.13 9.15 9.16 9.18 9.19 9.20 9.21 9.21 9.21 9.21 9.20 9.20 9.19 9.17 9.16 9.14 9.12 9.10 9.07 9.05 9.02 9.00 8.97 8.94 8.91 8.88 8.85 8.82 8.79 8.75 8.72 8.69 8.66 8.63 8.60 8.56 8.53 8.50 8.48 8.45 8.42 8.39 8.37 8.34 8.32 8.30 8.28 8.26 8.24 8.22 8.20 8.18 8.17 8.15 8.14 8.13 8.12 8.11 8.10 8.09 8.08 8.07 8.06 8.06 8.05 8.05 8.04 8.04 8.03 8.03 8.02 8.02 8.02 8.02
8.83 8.85 8.88 8.90 8.92 8.95 8.97 8.99 9.00 9.02 9.03 9.05 9.06 9.06 9.07 9.07 9.07 9.07 9.07 9.06 9.05 9.04 9.03 9.01 9.00 8.98 8.96 8.94 8.92 8.89 8.87 8.84 8.82 8.79 8.76 8.73 8.70 8.68 8.65 8.62 8.59 8.56 8.53 8.51 8.48 8.45 8.43 8.40 8.38 8.35 8.33 8.31 8.29 8.27 8.25 8.23 8.21 8.19 8.18 8.16 8.15 8.14 8.13 8.11 8.10 8.09 8.09 8.08 8.07 8.06 8.06 8.05 8.05 8.04 8.04 8.03 8.03 8.03 8.02 8.02 8.02 8.02
