india_ctv_citrus_disease_layer_output/demo_ctv_citrus_risk_raster.asc
ncols 300
nrows 310
xllcorner 66.0
yllcorner 5.0
cellsize 0.12
NODATA_value -9999
[rows 180 to 215 of 310, columns 82 to 163 of 300]
47.10 45.54 43.92 42.35 40.95 39.80 38.96 38.47 38.36 38.62 39.22 40.15 41.35 42.79 44.42 46.19 48.05 49.96 51.87 53.71 55.42 56.94 58.19 59.10 59.61 59.65 59.20 58.24 56.78 54.85 52.51 49.85 46.94 43.90 40.82 37.79 34.89 32.18 29.71 27.50 25.56 23.89 22.46 21.26 20.25 19.41 18.70 18.09 17.57 17.12 16.71 16.33 15.98 15.65 15.33 15.03 14.73 14.44 14.15 13.87 13.60 13.33 13.07 12.82 12.58 12.34 12.11 11.88 11.66 11.46 11.26 11.06 10.88 10.70 10.53 10.37 10.21 10.07 9.93 9.80 9.67 9.55
51.02 49.11 47.12 45.18 43.39 41.85 40.64 39.79 39.32 39.23 39.49 40.07 40.93 42.00 43.25 44.63 46.10 47.60 49.09 50.52 51.85 53.01 53.94 54.59 54.90 54.83 54.34 53.42 52.08 50.36 48.29 45.94 43.40 40.74 38.05 35.41 32.87 30.51 28.35 26.41 24.71 23.23 21.96 20.89 19.98 19.21 18.56 18.00 17.51 17.07 16.68 16.31 15.97 15.65 15.33 15.03 14.73 14.44 14.15 13.87 13.60 13.33 13.07 12.82 12.58 12.34 12.10 11.88 11.66 11.46 11.25 11.06 10.88 10.70 10.53 10.37 10.21 10.07 9.93 9.80 9.67 9.55
54.60 52.39 50.07 47.78 45.64 43.76 42.20 41.02 40.23 39.81 39.75 39.99 40.50 41.22 42.09 43.08 44.14 45.23 46.30 47.33 48.27 49.07 49.68 50.07 50.19 50.00 49.48 48.61 47.40 45.87 44.07 42.04 39.86 37.58 35.28 33.02 30.85 28.83 26.97 25.30 23.83 22.55 21.44 20.50 19.69 19.00 18.40 17.88 17.42 17.01 16.63 16.28 15.94 15.62 15.31 15.01 14.71 14.42 14.14 13.86 13.59 13.32 13.06 12.81 12.56 12.33 12.09 11.87 11.65 11.45 11.25 11.05 10.87 10.69 10.52 10.36 10.21 10.06 9.92 9.79 9.67 9.55
57.65 55.18 52.58 50.01 47.59 45.43 43.60 42.14 41.06 40.37 40.01 39.95 40.14 40.52 41.04 41.65 42.31 43.00 43.67 44.31 44.87 45.32 45.63 45.77 45.70 45.40 44.84 44.01 42.92 41.59 40.04 38.31 36.47 34.55 32.62 30.72 28.90 27.20 25.64 24.23 22.97 21.88 20.92 20.10 19.38 18.77 18.23 17.75 17.32 16.93 16.57 16.22 15.89 15.58 15.27 14.97 14.68 14.39 14.11 13.83 13.56 13.29 13.04 12.79 12.54 12.30 12.07 11.85 11.64 11.43 11.23 11.04 10.85 10.68 10.51 10.35 10.20 10.05 9.91 9.78 9.66 9.54
59.98 57.31 54.52 51.75 49.14 46.78 44.74 43.08 41.80 40.88 40.29 39.97 39.88 39.96 40.15 40.41 40.72 41.03 41.32 41.58 41.79 41.92 41.94 41.85 41.60 41.19 40.60 39.81 38.83 37.66 36.34 34.89 33.35 31.76 30.17 28.60 27.10 25.69 24.39 23.21 22.16 21.23 20.42 19.70 19.08 18.53 18.04 17.60 17.20 16.83 16.48 16.15 15.83 15.52 15.22 14.92 14.63 14.34 14.06 13.79 13.52 13.26 13.00 12.75 12.51 12.27 12.04 11.82 11.61 11.40 11.21 11.02 10.83 10.66 10.49 10.33 10.18 10.04 9.90 9.77 9.64 9.53
61.43 58.65 55.75 52.89 50.17 47.72 45.58 43.81 42.40 41.33 40.57 40.05 39.74 39.56 39.46 39.42 39.40 39.37 39.32 39.24 39.12 38.95 38.72 38.41 38.00 37.49 36.86 36.10 35.21 34.19 33.07 31.86 30.59 29.29 27.99 26.71 25.48 24.33 23.27 22.29 21.42 20.64 19.94 19.33 18.78 18.29 17.85 17.45 17.07 16.72 16.38 16.06 15.75 15.44 15.14 14.85 14.56 14.28 14.00 13.73 13.47 13.21 12.95 12.70 12.46 12.23 12.00 11.79 11.57 11.37 11.17 10.99 10.80 10.63 10.47 10.31 10.16 10.01 9.88 9.75 9.63 9.51
61.93 59.12 56.21 53.34 50.64 48.19 46.05 44.26 42.81 41.67 40.81 40.17 39.68 39.30 38.97 38.67 38.36 38.04 37.69 37.31 36.90 36.47 36.00 35.50 34.95 34.35 33.68 32.94 32.12 31.23 30.28 29.27 28.22 27.16 26.11 25.07 24.08 23.15 22.28 21.48 20.75 20.10 19.51 18.97 18.49 18.06 17.65 17.28 16.93 16.59 16.27 15.96 15.65 15.35 15.06 14.77 14.48 14.21 13.93 13.66 13.40 13.14 12.89 12.65 12.41 12.18 11.96 11.74 11.53 11.33 11.14 10.95 10.77 10.60 10.44 10.28 10.13 9.99 9.86 9.73 9.61 9.49
61.46 58.69 55.86 53.09 50.50 48.15 46.11 44.39 42.98 41.86 40.97 40.26 39.66 39.14 38.63 38.12 37.58 37.00 36.40 35.76 35.11 34.45 33.79 33.12 32.45 31.77 31.06 30.34 29.58 28.79 27.97 27.12 26.26 25.39 24.53 23.70 22.90 22.14 21.43 20.77 20.16 19.61 19.11 18.64 18.22 17.82 17.45 17.11 16.77 16.45 16.14 15.84 15.54 15.24 14.96 14.67 14.39 14.12 13.85 13.58 13.32 13.07 12.82 12.58 12.35 12.12 11.90 11.68 11.48 11.28 11.09 10.91 10.73 10.56 10.40 10.25 10.10 9.96 9.83 9.70 9.58 9.47
60.07 57.41 54.74 52.15 49.75 47.59 45.72 44.16 42.87 41.83 40.98 40.26 39.62 39.00 38.37 37.70 36.98 36.21 35.39 34.55 33.70 32.86 32.03 31.23 30.46 29.71 28.98 28.26 27.55 26.84 26.12 25.40 24.68 23.96 23.26 22.58 21.92 21.30 20.71 20.16 19.65 19.18 18.74 18.33 17.95 17.59 17.25 16.92 16.61 16.30 16.00 15.70 15.41 15.12 14.84 14.56 14.29 14.02 13.75 13.49 13.23 12.98 12.74 12.50 12.27 12.05 11.83 11.62 11.42 11.22 11.04 10.86 10.68 10.52 10.36 10.21 10.06 9.93 9.80 9.67 9.56 9.45
57.87 55.38 52.91 50.57 48.43 46.53 44.91 43.55 42.44 41.54 40.78 40.10 39.46 38.80 38.10 37.32 36.47 35.55 34.59 33.59 32.59 31.61 30.67 29.77 28.93 28.13 27.38 26.68 26.00 25.34 24.70 24.07 23.45 22.85 22.26 21.69 21.14 20.61 20.12 19.65 19.21 18.80 18.41 18.05 17.70 17.37 17.04 16.73 16.43 16.13 15.84 15.55 15.27 14.99 14.71 14.44 14.17 13.90 13.64 13.39 13.14 12.89 12.65 12.42 12.19 11.97 11.76 11.55 11.35 11.16 10.98 10.80 10.63 10.47 10.31 10.16 10.02 9.89 9.76 9.64 9.53 9.42
55.03 52.73 50.51 48.45 46.61 45.01 43.67 42.57 41.68 40.94 40.31 39.72 39.12 38.46 37.73 36.89 35.97 34.96 33.89 32.80 31.70 30.64 29.62 28.66 27.78 26.96 26.21 25.52 24.87 24.25 23.67 23.10 22.56 22.03 21.51 21.01 20.53 20.07 19.64 19.23 18.83 18.46 18.11 17.77 17.45 17.14 16.84 16.54 16.25 15.96 15.68 15.40 15.12 14.84 14.57 14.30 14.04 13.78 13.52 13.27 13.03 12.79 12.55 12.32 12.10 11.89 11.68 11.48 11.28 11.09 10.91 10.74 10.57 10.41 10.26 10.12 9.98 9.85 9.72 9.60 9.49 9.39
51.73 49.63 47.67 45.92 44.39 43.11 42.06 41.23 40.57 40.02 39.54 39.06 38.53 37.91 37.18 36.34 35.38 34.34 33.23 32.09 30.96 29.86 28.82 27.85 26.96 26.15 25.41 24.74 24.12 23.54 23.00 22.47 21.96 21.47 21.00 20.54 20.09 19.67 19.26 18.88 18.52 18.17 17.84 17.52 17.21 16.91 16.62 16.34 16.05 15.78 15.50 15.23 14.96 14.69 14.42 14.16 13.90 13.65 13.40 13.15 12.91 12.68 12.45 12.22 12.01 11.80 11.59 11.39 11.20 11.02 10.84 10.67 10.51 10.36 10.21 10.07 9.93 9.80 9.68 9.57 9.46 9.35
48.15 46.25 44.56 43.09 41.87 40.90 40.14 39.57 39.14 38.78 38.46 38.10 37.66 37.10 36.42 35.60 34.67 33.64 32.54 31.42 30.30 29.23 28.22 27.28 26.43 25.66 24.96 24.33 23.74 23.19 22.67 22.16 21.66 21.18 20.71 20.25 19.81 19.39 18.99 18.61 18.25 17.91 17.59 17.28 16.98 16.69 16.41 16.13 15.85 15.58 15.31 15.05 14.78 14.52 14.26 14.01 13.75 13.50 13.26 13.02 12.79 12.56 12.33 12.11 11.90 11.70 11.50 11.31 11.12 10.94 10.77 10.60 10.45 10.29 10.15 10.01 9.88 9.76 9.64 9.52 9.42 9.32
44.48 42.77 41.31 40.11 39.17 38.47 37.98 37.65 37.42 37.25 37.07 36.83 36.49 36.02 35.41 34.66 33.79 32.82 31.79 30.74 29.71 28.71 27.79 26.94 26.17 25.48 24.85 24.27 23.73 23.20 22.69 22.18 21.66 21.15 20.65 20.16 19.69 19.24 18.82 18.42 18.04 17.69 17.36 17.05 16.75 16.47 16.19 15.91 15.65 15.38 15.12 14.86 14.60 14.35 14.09 13.84 13.60 13.35 13.12 12.88 12.65 12.43 12.21 12.00 11.79 11.59 11.40 11.21 11.03 10.86 10.69 10.53 10.38 10.23 10.09 9.95 9.83 9.70 9.59 9.48 9.38 9.28
40.87 39.31 38.06 37.10 36.40 35.94 35.66 35.53 35.49 35.47 35.42 35.30 35.06 34.69 34.17 33.51 32.74 31.89 30.98 30.06 29.17 28.32 27.54 26.84 26.21 25.64 25.11 24.61 24.11 23.61 23.09 22.55 21.99 21.42 20.85 20.29 19.75 19.23 18.75 18.31 17.89 17.52 17.17 16.84 16.54 16.25 15.97 15.70 15.43 15.17 14.92 14.66 14.41 14.16 13.92 13.67 13.43 13.20 12.97 12.74 12.52 12.30 12.09 11.88 11.68 11.49 11.30 11.12 10.94 10.77 10.61 10.45 10.30 10.16 10.02 9.89 9.77 9.65 9.54 9.43 9.33 9.24
37.42 36.00 34.92 34.14 33.64 33.37 33.27 33.30 33.40 33.50 33.56 33.54 33.41 33.14 32.73 32.20 31.57 30.87 30.14 29.41 28.72 28.08 27.52 27.02 26.58 26.17 25.78 25.38 24.95 24.47 23.93 23.33 22.70 22.02 21.34 20.66 20.01 19.39 18.81 18.29 17.82 17.39 17.00 16.65 16.33 16.03 15.75 15.48 15.22 14.96 14.71 14.46 14.22 13.97 13.73 13.50 13.27 13.04 12.81 12.59 12.37 12.16 11.96 11.76 11.56 11.37 11.19 11.02 10.85 10.68 10.52 10.37 10.23 10.09 9.96 9.83 9.71 9.60 9.49 9.39 9.29 9.20
34.21 32.91 31.97 31.34 30.99 30.86 30.89 31.03 31.23 31.43 31.58 31.64 31.60 31.44 31.16 30.78 30.32 29.82 29.32 28.84 28.41 28.05 27.76 27.53 27.34 27.15 26.94 26.67 26.30 25.84 25.26 24.59 23.83 23.01 22.16 21.32 20.50 19.73 19.02 18.38 17.82 17.32 16.88 16.49 16.14 15.83 15.54 15.26 15.00 14.75 14.50 14.26 14.02 13.78 13.55 13.32 13.09 12.87 12.65 12.44 12.23 12.02 11.82 11.63 11.44 11.26 11.08 10.91 10.75 10.59 10.44 10.29 10.15 10.02 9.89 9.77 9.65 9.54 9.44 9.34 9.24 9.15
31.28 30.08 29.25 28.75 28.50 28.47 28.58 28.80 29.06 29.32 29.54 29.68 29.73 29.68 29.53 29.32 29.07 28.81 28.58 28.40 28.30 28.29 28.34 28.45 28.57 28.65 28.65 28.53 28.25 27.80 27.17 26.37 25.45 24.43 23.36 22.29 21.25 20.28 19.39 18.60 17.91 17.31 16.80 16.36 15.97 15.64 15.33 15.05 14.78 14.53 14.29 14.05 13.82 13.59 13.36 13.14 12.92 12.70 12.49 12.28 12.08 11.88 11.69 11.50 11.32 11.14 10.97 10.81 10.65 10.49 10.35 10.21 10.07 9.94 9.82 9.70 9.59 9.48 9.38 9.29 9.20 9.11
28.65 27.55 26.81 26.39 26.22 26.25 26.41 26.67 26.97 27.27 27.53 27.73 27.86 27.93 27.93 27.91 27.89 27.90 27.99 28.17 28.46 28.85 29.32 29.83 30.32 30.72 30.98 31.04 30.86 30.41 29.69 28.74 27.60 26.32 24.97 23.61 22.29 21.06 19.94 18.96 18.11 17.38 16.78 16.26 15.83 15.46 15.13 14.84 14.57 14.32 14.08 13.84 13.61 13.39 13.17 12.95 12.74 12.53 12.33 12.12 11.93 11.74 11.55 11.37 11.19 11.02 10.86 10.70 10.55 10.40 10.26 10.12 9.99 9.87 9.75 9.63 9.53 9.42 9.33 9.23 9.15 9.07
26.32 25.31 24.65 24.29 24.17 24.23 24.42 24.70 25.01 25.32 25.62 25.87 26.08 26.26 26.43 26.61 26.85 27.17 27.62 28.20 28.94 29.80 30.74 31.71 32.63 33.41 33.97 34.24 34.15 33.70 32.88 31.73 30.32 28.72 27.02 25.30 23.64 22.09 20.69 19.46 18.41 17.53 16.80 16.20 15.71 15.30 14.94 14.64 14.36 14.10 13.86 13.63 13.41 13.19 12.98 12.77 12.56 12.36 12.16 11.97 11.78 11.59 11.41 11.24 11.07 10.90 10.74 10.59 10.44 10.30 10.17 10.03 9.91 9.79 9.68 9.57 9.46 9.36 9.27 9.18 9.10 9.02
24.25 23.34 22.77 22.46 22.37 22.45 22.64 22.91 23.22 23.55 23.86 24.16 24.45 24.75 25.08 25.48 25.99 26.65 27.49 28.53 29.75 31.14 32.62 34.11 35.52 36.72 37.61 38.11 38.13 37.66 36.71 35.33 33.59 31.61 29.50 27.36 25.28 23.35 21.62 20.11 18.83 17.76 16.89 16.19 15.62 15.15 14.77 14.44 14.15 13.89 13.65 13.43 13.21 13.00 12.79 12.58 12.38 12.19 12.00 11.81 11.63 11.45 11.27 11.11 10.94 10.78 10.63 10.48 10.34 10.20 10.07 9.95 9.83 9.71 9.60 9.50 9.40 9.31 9.22 9.13 9.05 8.98
22.44 21.64 21.14 20.88 20.81 20.90 21.09 21.35 21.65 21.97 22.30 22.65 23.01 23.43 23.93 24.56 25.36 26.37 27.63 29.15 30.91 32.86 34.92 36.99 38.92 40.59 41.85 42.58 42.72 42.22 41.12 39.46 37.36 34.94 32.36 29.73 27.19 24.84 22.72 20.89 19.34 18.06 17.03 16.20 15.55 15.03 14.60 14.25 13.95 13.69 13.45 13.22 13.01 12.80 12.60 12.40 12.21 12.02 11.83 11.65 11.48 11.30 11.14 10.97 10.82 10.66 10.52 10.38 10.24 10.11 9.98 9.86 9.75 9.64 9.53 9.43 9.34 9.25 9.16 9.08 9.00 8.93
20.87 20.18 19.75 19.53 19.49 19.58 19.76 20.00 20.29 20.61 20.96 21.34 21.79 22.32 22.99 23.85 24.95 26.33 28.02 30.04 32.36 34.90 37.58 40.25 42.74 44.89 46.53 47.53 47.78 47.25 45.96 44.00 41.50 38.61 35.50 32.36 29.31 26.48 23.95 21.76 19.92 18.42 17.21 16.25 15.50 14.92 14.45 14.08 13.76 13.49 13.25 13.03 12.81 12.61 12.42 12.22 12.04 11.85 11.67 11.50 11.33 11.16 11.00 10.85 10.69 10.55 10.41 10.27 10.14 10.01 9.89 9.78 9.67 9.56 9.46 9.36 9.27 9.19 9.11 9.03 8.95 8.89
19.51 18.93 18.58 18.41 18.38 18.47 18.64 18.87 19.15 19.47 19.83 20.25 20.77 21.43 22.27 23.35 24.74 26.49 28.62 31.14 34.01 37.16 40.46 43.74 46.80 49.45 51.48 52.73 53.09 52.52 51.05 48.77 45.84 42.45 38.81 35.11 31.54 28.22 25.26 22.70 20.56 18.81 17.41 16.32 15.47 14.82 14.31 13.91 13.58 13.30 13.06 12.83 12.63 12.43 12.24 12.05 11.87 11.69 11.52 11.35 11.18 11.02 10.87 10.72 10.57 10.43 10.30 10.17 10.04 9.92 9.80 9.69 9.59 9.49 9.39 9.30 9.21 9.13 9.05 8.98 8.91 8.84
18.34 17.88 17.60 17.48 17.47 17.57 17.73 17.95 18.21 18.53 18.91 19.37 19.96 20.73 21.73 23.03 24.70 26.79 29.34 32.34 35.76 39.49 43.39 47.26 50.88 54.01 56.41 57.92 58.38 57.77 56.11 53.51 50.16 46.27 42.10 37.85 33.75 29.95 26.56 23.64 21.19 19.20 17.62 16.40 15.45 14.73 14.18 13.75 13.40 13.12 12.87 12.65 12.44 12.25 12.06 11.88 11.70 11.53 11.37 11.20 11.04 10.89 10.74 10.59 10.45 10.32 10.19 10.06 9.94 9.83 9.72 9.61 9.51 9.41 9.32 9.23 9.15 9.07 9.00 8.93 8.86 8.80
17.35 17.00 16.79 16.72 16.74 16.84 16.99 17.21 17.47 17.78 18.18 18.68 19.33 20.20 21.34 22.84 24.76 27.17 30.10 33.55 37.46 41.72 46.18 50.60 54.72 58.29 61.05 62.78 63.34 62.68 60.83 57.94 54.19 49.84 45.16 40.41 35.82 31.57 27.77 24.51 21.78 19.57 17.82 16.46 15.43 14.65 14.05 13.60 13.24 12.94 12.69 12.47 12.27 12.07 11.89 11.72 11.55 11.38 11.22 11.06 10.91 10.76 10.61 10.47 10.34 10.21 10.08 9.96 9.85 9.74 9.63 9.53 9.43 9.34 9.25 9.17 9.09 9.02 8.95 8.88 8.82 8.76
16.52 16.27 16.14 16.11 16.15 16.26 16.42 16.62 16.88 17.20 17.61 18.14 18.85 19.80 21.07 22.73 24.87 27.55 30.80 34.63 38.96 43.68 48.61 53.50 58.06 62.01 65.06 66.98 67.62 66.92 64.92 61.76 57.67 52.92 47.80 42.61 37.59 32.95 28.81 25.24 22.27 19.87 17.97 16.50 15.39 14.55 13.92 13.45 13.07 12.77 12.52 12.30 12.10 11.91 11.73 11.56 11.39 11.23 11.08 10.92 10.78 10.63 10.49 10.36 10.23 10.10 9.98 9.87 9.76 9.65 9.55 9.45 9.36 9.27 9.19 9.11 9.03 8.96 8.89 8.83 8.77 8.71
15.85 15.69 15.62 15.62 15.69 15.81 15.97 16.18 16.43 16.76 17.18 17.74 18.49 19.51 20.87 22.66 24.96 27.85 31.35 35.46 40.13 45.20 50.49 55.74 60.64 64.87 68.15 70.22 70.92 70.18 68.06 64.70 60.34 55.27 49.82 44.29 38.94 33.99 29.58 25.78 22.62 20.07 18.05 16.50 15.33 14.45 13.79 13.30 12.91 12.61 12.36 12.14 11.94 11.75 11.58 11.41 11.25 11.09 10.94 10.79 10.65 10.51 10.38 10.25 10.12 10.00 9.89 9.78 9.67 9.57 9.47 9.38 9.29 9.21 9.13 9.05 8.98 8.91 8.85 8.79 8.73 8.67
15.30 15.22 15.21 15.25 15.34 15.47 15.64 15.85 16.11 16.43 16.86 17.44 18.22 19.28 20.71 22.58 24.99 28.01 31.67 35.97 40.84 46.14 51.66 57.14 62.25 66.67 70.09 72.26 72.99 72.23 70.02 66.53 61.99 56.73 51.06 45.30 39.74 34.60 30.01 26.07 22.79 20.14 18.05 16.45 15.24 14.33 13.66 13.15 12.76 12.45 12.20 11.98 11.79 11.61 11.44 11.27 11.11 10.96 10.81 10.67 10.53 10.40 10.27 10.14 10.02 9.91 9.79 9.69 9.59 9.49 9.39 9.31 9.22 9.14 9.06 8.99 8.92 8.86 8.80 8.74 8.69 8.64
14.88 14.86 14.90 14.97 15.09 15.23 15.40 15.62 15.88 16.21 16.64 17.23 18.03 19.11 20.55 22.46 24.92 27.99 31.71 36.09 41.03 46.42 52.03 57.59 62.77 67.26 70.73 72.92 73.66 72.89 70.65 67.10 62.50 57.16 51.41 45.57 39.93 34.72 30.07 26.07 22.75 20.06 17.95 16.33 15.10 14.19 13.51 13.00 12.61 12.31 12.05 11.84 11.65 11.47 11.30 11.14 10.99 10.84 10.69 10.55 10.42 10.29 10.16 10.04 9.93 9.81 9.71 9.60 9.51 9.41 9.32 9.24 9.16 9.08 9.01 8.94 8.87 8.81 8.75 8.70 8.65 8.60
14.56 14.60 14.67 14.78 14.91 15.07 15.25 15.47 15.74 16.07 16.51 17.10 17.89 18.97 20.41 22.31 24.74 27.78 31.47 35.80 40.69 46.02 51.56 57.05 62.17 66.60 70.02 72.17 72.89 72.12 69.89 66.38 61.82 56.53 50.84 45.07 39.49 34.33 29.73 25.78 22.50 19.84 17.75 16.15 14.93 14.03 13.36 12.85 12.47 12.17 11.92 11.70 11.51 11.34 11.18 11.02 10.87 10.72 10.58 10.45 10.31 10.19 10.07 9.95 9.84 9.73 9.62 9.52 9.43 9.34 9.25 9.17 9.09 9.02 8.95 8.89 8.82 8.77 8.71 8.66 8.61 8.56
14.33 14.41 14.52 14.65 14.81 14.98 15.18 15.41 15.68 16.02 16.46 17.05 17.83 18.88 20.28 22.12 24.48 27.41 30.97 35.14 39.86 44.98 50.31 55.59 60.51 64.76 68.04 70.09 70.76 69.99 67.82 64.41 60.01 54.90 49.40 43.82 38.44 33.46 29.02 25.21 22.04 19.47 17.45 15.90 14.73 13.85 13.20 12.71 12.33 12.03 11.79 11.58 11.39 11.22 11.06 10.91 10.76 10.62 10.48 10.35 10.22 10.09 9.98 9.86 9.75 9.65 9.55 9.45 9.36 9.27 9.19 9.11 9.04 8.97 8.90 8.84 8.78 8.72 8.67 8.62 8.57 8.53
14.18 14.30 14.44 14.60 14.77 14.96 15.18 15.43 15.71 16.07 16.51 17.09 17.85 18.86 20.20 21.94 24.17 26.94 30.29 34.21 38.63 43.44 48.43 53.37 57.97 61.93 64.97 66.86 67.46 66.69 64.62 61.38 57.21 52.38 47.19 41.94 36.86 32.16 27.98 24.39 21.40 18.98 17.07 15.60 14.49 13.66 13.03 12.56 12.20 11.91 11.67 11.47 11.28 11.11 10.96 10.80 10.66 10.52 10.38 10.25 10.13 10.01 9.89 9.78 9.67 9.57 9.47 9.38 9.29 9.21 9.13 9.05 8.98 8.91 8.85 8.79 8.73 8.68 8.63 8.58 8.54 8.50
14.09 14.25 14.42 14.60 14.80 15.02 15.26 15.53 15.84 16.21 16.67 17.24 17.98 18.95 20.21 21.84 23.90 26.45 29.53 33.13 37.18 41.57 46.12 50.62 54.79 58.38 61.11 62.79 63.27 62.51 60.56 57.54 53.67 49.20 44.40 39.55 34.87 30.55 26.70 23.38 20.62 18.39 16.63 15.27 14.23 13.45 12.87 12.42 12.08 11.80 11.57 11.37 11.19 11.02 10.86 10.71 10.57 10.43 10.30 10.17 10.05 9.93 9.81 9.70 9.60 9.50 9.41 9.32 9.23 9.15 9.07 9.00 8.93 8.87 8.80 8.75 8.69 8.64 8.59 8.55 8.51 8.47
14.07 14.25 14.45 14.67 14.90 15.15 15.43 15.74 16.08 16.48 16.96 17.54 18.27 19.19 20.37 21.87 23.75 26.06 28.84 32.06 35.68 39.59 43.64 47.62 51.30 54.44 56.81 58.23 58.58 57.81 55.97 53.19 49.65 45.59 41.24 36.85 32.62 28.72 25.25 22.26 19.77 17.75 16.15 14.91 13.97 13.25 12.71 12.29 11.97 11.70 11.47 11.28 11.10 10.93 10.78 10.63 10.49 10.35 10.22 10.09 9.97 9.85 9.74 9.64 9.53 9.44 9.35 9.26 9.17 9.10 9.02 8.95 8.88 8.82 8.76 8.71 8.65 8.61 8.56 8.52 8.48 8.44
14.10 14.32 14.55 14.80 15.07 15.37 15.70 16.06 16.46 16.91 17.42 18.03 18.75 19.65 20.76 22.13 23.84 25.90 28.36 31.19 34.36 37.76 41.27 44.70 47.84 50.50 52.46 53.59 53.76 52.96 51.23 48.68 45.47 41.82 37.94 34.03 30.27 26.81 23.73 21.09 18.88 17.09 15.66 14.56 13.71 13.06 12.56 12.17 11.87 11.61 11.39 11.20 11.02 10.86 10.71 10.56 10.42 10.28 10.15 10.02 9.90 9.79 9.68 9.57 9.47 9.38 9.29 9.20 9.12 9.05 8.97 8.90 8.84 8.78 8.72 8.67 8.62 8.57 8.53 8.49 8.45 8.41
