india_shp_raster_demo_output/demo_india_disease_risk_raster.asc
ncols 125
nrows 120
xllcorner 67.0
yllcorner 6.0
cellsize 0.25
NODATA_value -9999
[rows 0 to 33 of 120, columns 0 to 76 of 125]
18.15 18.15 18.14 18.14 18.13 18.13 18.13 18.12 18.12 18.11 18.11 18.10 18.10 18.10 18.09 18.09 18.09 18.09 18.09 18.09 18.09 18.09 18.10 18.10 18.10 18.11 18.11 18.12 18.12 18.13 18.13 18.13 18.14 18.14 18.15 18.15 18.15 18.16 18.16 18.16 18.17 18.17 18.17 18.17 18.17 18.17 18.17 18.18 18.18 18.18 18.18 18.18 18.18 18.18 18.18 18.18 18.18 18.18 18.18 18.18 18.18 18.18 18.18 18.18 18.18 18.18 18.18 18.18 18.18 18.18 18.18 18.18 18.18 18.18 18.18 18.18 18.18
18.21 18.21 18.20 18.20 18.19 18.19 18.18 18.18 18.17 18.17 18.16 18.15 18.15 18.15 18.14 18.14 18.14 18.14 18.14 18.14 18.14 18.14 18.15 18.15 18.15 18.16 18.17 18.17 18.18 18.18 18.19 18.19 18.20 18.20 18.21 18.21 18.22 18.22 18.23 18.23 18.23 18.23 18.24 18.24 18.24 18.24 18.24 18.24 18.24 18.25 18.25 18.25 18.25 18.25 18.25 18.25 18.25 18.25 18.25 18.25 18.25 18.25 18.25 18.25 18.25 18.25 18.25 18.25 18.25 18.25 18.25 18.25 18.25 18.25 18.25 18.25 18.25
18.30 18.29 18.29 18.28 18.27 18.27 18.26 18.25 18.25 18.24 18.23 18.23 18.22 18.22 18.21 18.21 18.21 18.21 18.21 18.21 18.21 18.21 18.22 18.22 18.23 18.23 18.24 18.25 18.25 18.26 18.27 18.27 18.28 18.29 18.29 18.30 18.30 18.31 18.31 18.32 18.32 18.32 18.33 18.33 18.33 18.33 18.33 18.34 18.34 18.34 18.34 18.34 18.34 18.34 18.34 18.34 18.34 18.34 18.34 18.34 18.34 18.34 18.34 18.34 18.34 18.34 18.34 18.34 18.34 18.34 18.34 18.34 18.34 18.34 18.34 18.34 18.34
18.41 18.40 18.40 18.39 18.38 18.37 18.36 18.35 18.35 18.34 18.33 18.32 18.31 18.31 18.30 18.30 18.30 18.30 18.30 18.30 18.30 18.30 18.31 18.31 18.32 18.33 18.34 18.35 18.35 18.36 18.37 18.38 18.39 18.40 18.40 18.41 18.42 18.42 18.43 18.43 18.44 18.44 18.45 18.45 18.45 18.45 18.45 18.46 18.46 18.46 18.46 18.46 18.46 18.46 18.46 18.46 18.46 18.46 18.46 18.46 18.46 18.46 18.46 18.46 18.46 18.46 18.46 18.46 18.46 18.47 18.47 18.47 18.47 18.47 18.47 18.47 18.47
18.56 18.55 18.54 18.53 18.52 18.51 18.50 18.49 18.48 18.47 18.46 18.45 18.44 18.43 18.43 18.42 18.42 18.42 18.42 18.42 18.42 18.43 18.43 18.44 18.45 18.46 18.47 18.48 18.49 18.50 18.51 18.52 18.53 18.54 18.55 18.56 18.57 18.57 18.58 18.59 18.59 18.60 18.60 18.60 18.61 18.61 18.61 18.61 18.61 18.61 18.62 18.62 18.62 18.62 18.62 18.62 18.62 18.62 18.62 18.62 18.62 18.62 18.62 18.62 18.62 18.62 18.62 18.62 18.62 18.62 18.62 18.62 18.63 18.63 18.63 18.63 18.63
18.74 18.73 18.72 18.71 18.70 18.69 18.67 18.66 18.65 18.63 18.62 18.61 18.60 18.59 18.58 18.58 18.58 18.57 18.57 18.58 18.58 18.58 18.59 18.60 18.61 18.62 18.63 18.65 18.66 18.67 18.69 18.70 18.71 18.72 18.73 18.74 18.75 18.76 18.77 18.78 18.79 18.79 18.80 18.80 18.80 18.81 18.81 18.81 18.81 18.81 18.82 18.82 18.82 18.82 18.82 18.82 18.82 18.82 18.82 18.82 18.82 18.82 18.82 18.82 18.82 18.82 18.82 18.83 18.83 18.83 18.83 18.83 18.83 18.83 18.83 18.83 18.83
18.98 18.97 18.96 18.94 18.93 18.91 18.89 18.88 18.86 18.85 18.83 18.82 18.81 18.80 18.79 18.78 18.78 18.77 18.77 18.78 18.78 18.79 18.80 18.81 18.82 18.83 18.85 18.86 18.88 18.89 18.91 18.93 18.94 18.96 18.97 18.98 18.99 19.00 19.01 19.02 19.03 19.04 19.04 19.05 19.05 19.06 19.06 19.06 19.06 19.07 19.07 19.07 19.07 19.07 19.07 19.07 19.07 19.07 19.07 19.07 19.07 19.08 19.08 19.08 19.08 19.08 19.08 19.08 19.08 19.08 19.08 19.08 19.08 19.09 19.09 19.09 19.09
19.28 19.26 19.24 19.23 19.21 19.19 19.17 19.15 19.13 19.11 19.10 19.08 19.07 19.05 19.04 19.04 19.03 19.03 19.03 19.03 19.04 19.04 19.05 19.07 19.08 19.10 19.11 19.13 19.15 19.17 19.19 19.21 19.23 19.24 19.26 19.28 19.29 19.30 19.32 19.33 19.34 19.34 19.35 19.36 19.36 19.37 19.37 19.37 19.38 19.38 19.38 19.38 19.38 19.38 19.38 19.39 19.39 19.39 19.39 19.39 19.39 19.39 19.39 19.39 19.39 19.39 19.40 19.40 19.40 19.40 19.40 19.40 19.40 19.40 19.41 19.41 19.41
19.64 19.62 19.60 19.58 19.56 19.53 19.51 19.49 19.47 19.44 19.42 19.40 19.39 19.37 19.36 19.35 19.34 19.34 19.34 19.34 19.35 19.36 19.37 19.39 19.40 19.42 19.44 19.47 19.49 19.51 19.53 19.56 19.58 19.60 19.62 19.64 19.65 19.67 19.68 19.70 19.71 19.72 19.73 19.73 19.74 19.75 19.75 19.75 19.76 19.76 19.76 19.76 19.77 19.77 19.77 19.77 19.77 19.77 19.77 19.77 19.77 19.78 19.78 19.78 19.78 19.78 19.78 19.78 19.79 19.79 19.79 19.79 19.79 19.79 19.80 19.80 19.80
20.07 20.05 20.03 20.00 19.98 19.95 19.92 19.90 19.87 19.84 19.82 19.80 19.78 19.76 19.74 19.73 19.72 19.72 19.72 19.72 19.73 19.74 19.76 19.78 19.80 19.82 19.84 19.87 19.90 19.92 19.95 19.98 20.00 20.03 20.05 20.07 20.09 20.11 20.13 20.15 20.16 20.17 20.18 20.19 20.20 20.20 20.21 20.21 20.22 20.22 20.22 20.22 20.23 20.23 20.23 20.23 20.23 20.23 20.24 20.24 20.24 20.24 20.24 20.24 20.25 20.25 20.25 20.25 20.25 20.26 20.26 20.26 20.26 20.27 20.27 20.27 20.27
20.59 20.57 20.54 20.51 20.48 20.45 20.42 20.38 20.35 20.32 20.29 20.26 20.24 20.22 20.20 20.19 20.18 20.17 20.17 20.18 20.19 20.20 20.22 20.24 20.26 20.29 20.32 20.35 20.38 20.42 20.45 20.48 20.51 20.54 20.57 20.59 20.62 20.64 20.66 20.68 20.69 20.71 20.72 20.73 20.74 20.75 20.75 20.76 20.76 20.77 20.77 20.77 20.77 20.78 20.78 20.78 20.78 20.78 20.79 20.79 20.79 20.79 20.79 20.80 20.80 20.80 20.80 20.81 20.81 20.81 20.82 20.82 20.82 20.83 20.83 20.83 20.84
21.20 21.17 21.14 21.10 21.07 21.03 20.99 20.95 20.92 20.88 20.84 20.81 20.78 20.76 20.74 20.72 20.71 20.70 20.70 20.71 20.72 20.74 20.76 20.78 20.81 20.84 20.88 20.92 20.95 20.99 21.03 21.07 21.10 21.14 21.17 21.20 21.23 21.26 21.28 21.30 21.32 21.33 21.35 21.36 21.37 21.38 21.39 21.39 21.40 21.40 21.41 21.41 21.42 21.42 21.42 21.42 21.42 21.43 21.43 21.43 21.43 21.44 21.44 21.44 21.45 21.45 21.45 21.46 21.46 21.47 21.47 21.48 21.48 21.49 21.49 21.50 21.50
21.90 21.86 21.83 21.79 21.74 21.70 21.65 21.61 21.57 21.52 21.48 21.44 21.41 21.38 21.36 21.34 21.32 21.32 21.32 21.32 21.34 21.36 21.38 21.41 21.44 21.48 21.52 21.57 21.61 21.65 21.70 21.74 21.79 21.83 21.86 21.90 21.93 21.96 21.99 22.02 22.04 22.06 22.07 22.09 22.10 22.11 22.12 22.13 22.13 22.14 22.14 22.15 22.15 22.16 22.16 22.16 22.16 22.17 22.17 22.17 22.18 22.18 22.19 22.19 22.19 22.20 22.20 22.21 22.22 22.22 22.23 22.24 22.24 22.25 22.25 22.26 22.27
22.69 22.65 22.61 22.56 22.51 22.46 22.41 22.35 22.30 22.25 22.20 22.16 22.12 22.09 22.06 22.03 22.02 22.01 22.01 22.02 22.03 22.06 22.09 22.12 22.16 22.20 22.25 22.30 22.35 22.41 22.46 22.51 22.56 22.61 22.65 22.69 22.73 22.77 22.80 22.83 22.85 22.88 22.90 22.91 22.93 22.94 22.95 22.96 22.97 22.97 22.98 22.98 22.99 22.99 23.00 23.00 23.00 23.01 23.01 23.02 23.02 23.03 23.03 23.04 23.04 23.05 23.06 23.06 23.07 23.08 23.09 23.10 23.11 23.11 23.12 23.13 23.14
23.57 23.53 23.47 23.42 23.36 23.30 23.24 23.18 23.12 23.06 23.01 22.96 22.91 22.87 22.84 22.81 22.79 22.78 22.78 22.79 22.81 22.84 22.87 22.91 22.96 23.01 23.06 23.12 23.18 23.24 23.30 23.36 23.42 23.47 23.53 23.58 23.62 23.66 23.70 23.73 23.76 23.79 23.81 23.83 23.85 23.86 23.87 23.88 23.89 23.90 23.91 23.91 23.92 23.92 23.93 23.93 23.94 23.94 23.95 23.95 23.96 23.97 23.97 23.98 23.99 24.00 24.01 24.02 24.03 24.04 24.05 24.06 24.07 24.08 24.10 24.11 24.12
24.54 24.48 24.42 24.36 24.29 24.22 24.15 24.08 24.01 23.95 23.88 23.82 23.77 23.72 23.68 23.65 23.63 23.62 23.62 23.63 23.65 23.68 23.72 23.77 23.82 23.88 23.95 24.01 24.08 24.15 24.22 24.29 24.36 24.42 24.48 24.54 24.59 24.64 24.68 24.72 24.76 24.79 24.81 24.83 24.85 24.87 24.89 24.90 24.91 24.92 24.93 24.93 24.94 24.95 24.95 24.96 24.96 24.97 24.98 24.98 24.99 25.00 25.01 25.02 25.03 25.04 25.06 25.07 25.08 25.10 25.11 25.13 25.14 25.15 25.17 25.18 25.20
25.57 25.51 25.44 25.37 25.29 25.21 25.13 25.05 24.97 24.89 24.82 24.75 24.69 24.64 24.59 24.56 24.53 24.52 24.52 24.53 24.56 24.59 24.64 24.69 24.75 24.82 24.89 24.97 25.05 25.13 25.21 25.29 25.37 25.44 25.51 25.57 25.63 25.69 25.74 25.78 25.82 25.86 25.89 25.91 25.94 25.96 25.97 25.99 26.00 26.01 26.02 26.03 26.04 26.04 26.05 26.06 26.07 26.07 26.08 26.09 26.10 26.11 26.13 26.14 26.15 26.17 26.19 26.20 26.22 26.24 26.26 26.28 26.30 26.32 26.34 26.35 26.37
26.66 26.59 26.51 26.42 26.34 26.25 26.15 26.06 25.97 25.88 25.80 25.72 25.65 25.59 25.54 25.50 25.47 25.46 25.46 25.47 25.50 25.54 25.59 25.65 25.72 25.80 25.88 25.97 26.06 26.15 26.25 26.34 26.42 26.51 26.59 26.66 26.73 26.79 26.85 26.90 26.95 26.99 27.02 27.05 27.08 27.10 27.12 27.14 27.15 27.16 27.17 27.18 27.19 27.20 27.21 27.22 27.23 27.24 27.25 27.27 27.28 27.29 27.31 27.33 27.34 27.36 27.39 27.41 27.43 27.45 27.48 27.50 27.53 27.55 27.58 27.60 27.63
27.78 27.70 27.61 27.51 27.41 27.31 27.20 27.10 26.99 26.89 26.80 26.71 26.63 26.56 26.50 26.46 26.43 26.41 26.41 26.43 26.46 26.50 26.56 26.63 26.71 26.80 26.89 26.99 27.10 27.20 27.31 27.41 27.51 27.61 27.70 27.78 27.86 27.93 28.00 28.05 28.11 28.15 28.19 28.23 28.26 28.28 28.30 28.32 28.34 28.36 28.37 28.38 28.39 28.40 28.41 28.43 28.44 28.45 28.47 28.48 28.50 28.52 28.54 28.56 28.58 28.61 28.63 28.66 28.69 28.72 28.75 28.79 28.82 28.85 28.88 28.91 28.94
28.91 28.81 28.71 28.60 28.49 28.37 28.25 28.13 28.01 27.90 27.79 27.69 27.60 27.52 27.46 27.41 27.37 27.35 27.35 27.37 27.41 27.46 27.52 27.60 27.69 27.79 27.90 28.01 28.13 28.25 28.37 28.49 28.60 28.71 28.81 28.91 29.00 29.08 29.15 29.22 29.28 29.33 29.37 29.41 29.45 29.48 29.50 29.52 29.54 29.56 29.58 29.59 29.60 29.62 29.63 29.65 29.66 29.68 29.70 29.72 29.74 29.76 29.79 29.81 29.84 29.88 29.91 29.95 29.98 30.02 30.06 30.10 30.15 30.19 30.23 30.27 30.31
30.01 29.90 29.79 29.66 29.54 29.40 29.27 29.13 29.00 28.87 28.75 28.64 28.54 28.45 28.37 28.32 28.28 28.26 28.26 28.28 28.32 28.37 28.45 28.54 28.64 28.75 28.87 29.00 29.14 29.27 29.40 29.54 29.66 29.79 29.90 30.01 30.11 30.20 30.29 30.36 30.43 30.48 30.54 30.58 30.62 30.65 30.68 30.71 30.73 30.75 30.77 30.78 30.80 30.82 30.83 30.85 30.87 30.89 30.92 30.94 30.97 31.00 31.03 31.06 31.10 31.14 31.19 31.23 31.28 31.33 31.38 31.43 31.48 31.53 31.59 31.64 31.68
31.06 30.93 30.80 30.67 30.52 30.38 30.23 30.07 29.93 29.78 29.64 29.52 29.40 29.30 29.22 29.16 29.11 29.09 29.09 29.11 29.16 29.22 29.30 29.40 29.52 29.64 29.78 29.93 30.08 30.23 30.38 30.52 30.67 30.81 30.94 31.06 31.17 31.27 31.37 31.45 31.52 31.59 31.65 31.70 31.74 31.78 31.81 31.84 31.87 31.89 31.91 31.93 31.95 31.97 31.99 32.01 32.04 32.06 32.09 32.12 32.16 32.19 32.23 32.28 32.33 32.38 32.43 32.49 32.55 32.61 32.67 32.74 32.80 32.87 32.93 33.00 33.06
32.01 31.88 31.73 31.58 31.42 31.26 31.09 30.92 30.75 30.59 30.44 30.30 30.17 30.06 29.96 29.89 29.84 29.82 29.82 29.84 29.89 29.96 30.06 30.17 30.30 30.44 30.59 30.75 30.92 31.09 31.26 31.42 31.58 31.73 31.88 32.02 32.14 32.26 32.36 32.45 32.54 32.61 32.67 32.73 32.78 32.82 32.86 32.89 32.92 32.95 32.97 33.00 33.02 33.05 33.07 33.10 33.13 33.16 33.19 33.23 33.28 33.32 33.37 33.43 33.49 33.55 33.62 33.69 33.76 33.84 33.92 34.00 34.08 34.16 34.24 34.32 34.39
32.85 32.70 32.54 32.37 32.19 32.01 31.82 31.63 31.45 31.27 31.10 30.94 30.80 30.68 30.57 30.49 30.44 30.41 30.41 30.44 30.49 30.57 30.68 30.80 30.94 31.10 31.27 31.45 31.63 31.82 32.01 32.19 32.37 32.54 32.70 32.85 32.99 33.12 33.23 33.34 33.43 33.51 33.59 33.65 33.70 33.75 33.79 33.83 33.86 33.90 33.92 33.95 33.98 34.01 34.04 34.07 34.11 34.15 34.19 34.24 34.29 34.35 34.41 34.48 34.55 34.63 34.71 34.80 34.89 34.98 35.08 35.18 35.28 35.38 35.48 35.58 35.67
33.53 33.37 33.19 33.00 32.81 32.60 32.40 32.19 31.99 31.79 31.60 31.43 31.27 31.13 31.02 30.93 30.87 30.84 30.84 30.87 30.93 31.02 31.13 31.27 31.43 31.60 31.79 31.99 32.19 32.40 32.60 32.81 33.00 33.19 33.37 33.54 33.69 33.83 33.96 34.08 34.18 34.27 34.35 34.42 34.48 34.53 34.58 34.62 34.66 34.70 34.73 34.76 34.80 34.83 34.87 34.91 34.95 35.00 35.05 35.11 35.17 35.24 35.32 35.40 35.49 35.59 35.69 35.79 35.91 36.02 36.14 36.26 36.39 36.51 36.63 36.75 36.86
34.04 33.86 33.66 33.46 33.24 33.02 32.79 32.56 32.34 32.12 31.91 31.72 31.55 31.40 31.27 31.18 31.11 31.08 31.08 31.11 31.18 31.27 31.40 31.55 31.72 31.91 32.12 32.34 32.56 32.79 33.02 33.24 33.46 33.67 33.86 34.04 34.21 34.37 34.51 34.64 34.75 34.85 34.94 35.02 35.08 35.14 35.20 35.24 35.29 35.33 35.37 35.41 35.45 35.49 35.53 35.58 35.63 35.69 35.75 35.82 35.90 35.98 36.07 36.17 36.28 36.40 36.52 36.65 36.79 36.93 37.07 37.22 37.37 37.52 37.67 37.81 37.95
34.35 34.15 33.94 33.71 33.47 33.23 32.98 32.73 32.49 32.25 32.02 31.81 31.62 31.46 31.32 31.22 31.14 31.11 31.11 31.14 31.22 31.32 31.46 31.62 31.81 32.02 32.25 32.49 32.73 32.98 33.23 33.47 33.71 33.94 34.15 34.35 34.54 34.71 34.86 35.00 35.13 35.24 35.33 35.42 35.49 35.56 35.62 35.67 35.72 35.77 35.81 35.86 35.90 35.95 36.00 36.06 36.12 36.19 36.27 36.35 36.44 36.55 36.66 36.78 36.91 37.05 37.20 37.35 37.52 37.69 37.86 38.04 38.22 38.40 38.58 38.76 38.92
34.44 34.22 33.99 33.75 33.49 33.22 32.95 32.68 32.41 32.15 31.91 31.68 31.47 31.29 31.15 31.03 30.95 30.91 30.91 30.95 31.03 31.15 31.29 31.47 31.68 31.91 32.15 32.41 32.68 32.95 33.22 33.49 33.75 33.99 34.23 34.45 34.65 34.83 35.00 35.15 35.29 35.41 35.52 35.61 35.69 35.77 35.83 35.89 35.95 36.00 36.05 36.10 36.15 36.21 36.27 36.34 36.41 36.50 36.59 36.69 36.80 36.92 37.05 37.20 37.35 37.52 37.70 37.89 38.08 38.29 38.50 38.71 38.93 39.14 39.36 39.56 39.76
34.31 34.08 33.83 33.56 33.28 32.99 32.70 32.41 32.12 31.84 31.57 31.32 31.10 30.91 30.74 30.62 30.54 30.49 30.49 30.54 30.62 30.74 30.91 31.10 31.32 31.57 31.84 32.12 32.41 32.70 32.99 33.28 33.56 33.83 34.08 34.32 34.54 34.74 34.92 35.09 35.23 35.37 35.48 35.58 35.67 35.75 35.83 35.89 35.95 36.01 36.07 36.13 36.19 36.26 36.33 36.41 36.50 36.60 36.70 36.82 36.95 37.10 37.26 37.43 37.61 37.81 38.02 38.25 38.48 38.72 38.97 39.22 39.48 39.74 39.99 40.24 40.48
33.97 33.71 33.44 33.15 32.85 32.54 32.23 31.91 31.60 31.30 31.01 30.74 30.50 30.29 30.12 29.99 29.89 29.85 29.85 29.89 29.99 30.12 30.29 30.50 30.74 31.01 31.30 31.60 31.91 32.23 32.55 32.86 33.16 33.45 33.72 33.97 34.21 34.43 34.62 34.80 34.96 35.10 35.23 35.34 35.44 35.53 35.61 35.68 35.75 35.81 35.88 35.95 36.02 36.10 36.18 36.27 36.38 36.49 36.62 36.76 36.91 37.08 37.27 37.47 37.69 37.92 38.17 38.43 38.71 38.99 39.29 39.59 39.89 40.19 40.49 40.78 41.06
33.41 33.14 32.85 32.54 32.21 31.88 31.54 31.20 30.87 30.54 30.24 29.95 29.69 29.47 29.28 29.14 29.04 28.99 28.99 29.04 29.14 29.28 29.47 29.69 29.95 30.24 30.55 30.87 31.21 31.55 31.88 32.22 32.54 32.85 33.14 33.42 33.67 33.90 34.12 34.31 34.48 34.63 34.77 34.89 34.99 35.09 35.18 35.26 35.33 35.41 35.48 35.56 35.64 35.73 35.83 35.94 36.05 36.19 36.33 36.50 36.68 36.88 37.10 37.33 37.59 37.86 38.15 38.46 38.78 39.11 39.46 39.81 40.16 40.51 40.86 41.20 41.53
32.66 32.37 32.06 31.73 31.38 31.03 30.67 30.30 29.95 29.60 29.27 28.97 28.69 28.45 28.25 28.10 28.00 27.94 27.94 28.00 28.10 28.25 28.45 28.69 28.97 29.27 29.60 29.95 30.31 30.67 31.03 31.39 31.73 32.06 32.37 32.67 32.94 33.19 33.41 33.62 33.80 33.96 34.11 34.24 34.35 34.46 34.55 34.64 34.73 34.81 34.90 34.98 35.08 35.18 35.29 35.41 35.55 35.70 35.87 36.06 36.27 36.50 36.76 37.03 37.33 37.64 37.98 38.34 38.71 39.10 39.49 39.90 40.31 40.72 41.12 41.52 41.90
31.74 31.43 31.10 30.75 30.38 30.00 29.62 29.24 28.86 28.49 28.14 27.82 27.52 27.27 27.06 26.90 26.79 26.73 26.73 26.79 26.90 27.06 27.27 27.52 27.82 28.14 28.49 28.86 29.24 29.62 30.01 30.39 30.75 31.10 31.43 31.75 32.03 32.30 32.54 32.76 32.95 33.13 33.28 33.42 33.54 33.66 33.76 33.86 33.95 34.04 34.14 34.24 34.34 34.46 34.58 34.73 34.88 35.06 35.26 35.47 35.71 35.98 36.27 36.58 36.93 37.29 37.68 38.09 38.52 38.96 39.42 39.89 40.36 40.83 41.30 41.75 42.19
30.67 30.34 30.00 29.63 29.24 28.84 28.44 28.03 27.63 27.24 26.87 26.53 26.22 25.95 25.73 25.56 25.44 25.38 25.38 25.44 25.56 25.73 25.95 26.22 26.53 26.87 27.24 27.63 28.03 28.44 28.85 29.24 29.63 30.00 30.35 30.68 30.99 31.27 31.52 31.75 31.96 32.14 32.31 32.46 32.59 32.71 32.82 32.93 33.03 33.13 33.24 33.35 33.47 33.60 33.74 33.90 34.08 34.28 34.51 34.75 35.03 35.33 35.66 36.02 36.41 36.83 37.27 37.74 38.23 38.74 39.26 39.80 40.34 40.87 41.41 41.93 42.43
