india_shp_raster_demo_output/demo_india_disease_risk_raster.asc
ncols 125
nrows 120
xllcorner 67.0
yllcorner 6.0
cellsize 0.25
NODATA_value -9999
[rows 34 to 67 of 120, columns 0 to 76 of 125]
29.50 29.15 28.79 28.40 27.99 27.57 27.15 26.72 26.30 25.89 25.50 25.14 24.82 24.54 24.30 24.12 24.00 23.94 23.94 24.00 24.12 24.30 24.54 24.82 25.14 25.50 25.89 26.30 26.72 27.15 27.58 28.00 28.40 28.79 29.16 29.51 29.83 30.12 30.39 30.64 30.85 31.05 31.22 31.38 31.52 31.65 31.77 31.89 32.00 32.11 32.23 32.35 32.48 32.63 32.79 32.97 33.18 33.40 33.66 33.94 34.25 34.59 34.97 35.37 35.81 36.29 36.79 37.32 37.87 38.45 39.04 39.65 40.26 40.87 41.47 42.06 42.63
28.25 27.89 27.50 27.10 26.67 26.24 25.79 25.34 24.90 24.47 24.07 23.69 23.35 23.06 22.81 22.62 22.49 22.43 22.43 22.50 22.62 22.81 23.06 23.35 23.69 24.07 24.48 24.90 25.34 25.79 26.24 26.68 27.10 27.51 27.90 28.26 28.60 28.91 29.19 29.44 29.67 29.88 30.06 30.23 30.38 30.51 30.64 30.77 30.89 31.01 31.14 31.27 31.42 31.59 31.77 31.97 32.20 32.45 32.73 33.05 33.40 33.79 34.21 34.67 35.16 35.69 36.26 36.85 37.48 38.13 38.79 39.47 40.16 40.85 41.52 42.19 42.82
26.95 26.58 26.18 25.76 25.32 24.86 24.40 23.93 23.47 23.03 22.61 22.21 21.86 21.55 21.30 21.10 20.97 20.90 20.90 20.97 21.10 21.30 21.55 21.86 22.22 22.61 23.03 23.48 23.94 24.40 24.87 25.32 25.77 26.19 26.59 26.97 27.32 27.64 27.94 28.20 28.44 28.66 28.85 29.02 29.18 29.33 29.47 29.60 29.73 29.86 30.00 30.15 30.32 30.50 30.70 30.92 31.18 31.46 31.77 32.13 32.52 32.95 33.42 33.93 34.48 35.07 35.70 36.37 37.06 37.79 38.53 39.29 40.06 40.82 41.58 42.32 43.03
25.66 25.27 24.86 24.42 23.96 23.49 23.01 22.53 22.05 21.59 21.15 20.75 20.38 20.06 19.80 19.60 19.46 19.39 19.39 19.46 19.60 19.80 20.06 20.38 20.75 21.15 21.59 22.05 22.53 23.01 23.49 23.97 24.43 24.87 25.28 25.68 26.04 26.37 26.68 26.95 27.20 27.42 27.63 27.81 27.98 28.13 28.28 28.42 28.56 28.70 28.85 29.02 29.20 29.39 29.62 29.86 30.14 30.46 30.81 31.19 31.63 32.10 32.62 33.19 33.80 34.45 35.15 35.89 36.66 37.46 38.28 39.12 39.97 40.82 41.66 42.47 43.26
24.38 23.98 23.56 23.11 22.63 22.15 21.65 21.16 20.67 20.19 19.74 19.32 18.95 18.62 18.35 18.14 17.99 17.92 17.92 17.99 18.14 18.35 18.62 18.95 19.32 19.74 20.19 20.67 21.16 21.66 22.15 22.64 23.11 23.57 24.00 24.40 24.78 25.12 25.43 25.72 25.98 26.21 26.42 26.61 26.78 26.94 27.10 27.25 27.40 27.55 27.72 27.90 28.09 28.31 28.55 28.82 29.13 29.47 29.85 30.28 30.75 31.28 31.85 32.47 33.14 33.86 34.63 35.43 36.28 37.16 38.06 38.99 39.92 40.85 41.77 42.67 43.53
23.16 22.75 22.31 21.85 21.37 20.87 20.36 19.85 19.35 18.86 18.40 17.97 17.58 17.25 16.97 16.75 16.61 16.53 16.53 16.61 16.75 16.97 17.25 17.58 17.97 18.40 18.86 19.35 19.85 20.36 20.87 21.37 21.86 22.32 22.76 23.18 23.56 23.92 24.24 24.53 24.80 25.04 25.25 25.45 25.63 25.80 25.96 26.12 26.28 26.45 26.62 26.81 27.02 27.26 27.52 27.82 28.15 28.52 28.94 29.40 29.92 30.49 31.11 31.79 32.52 33.31 34.14 35.02 35.94 36.90 37.89 38.89 39.91 40.92 41.92 42.90 43.84
22.00 21.59 21.14 20.67 20.18 19.67 19.15 18.63 18.12 17.62 17.15 16.71 16.32 15.98 15.69 15.47 15.32 15.25 15.25 15.32 15.47 15.69 15.98 16.32 16.71 17.15 17.62 18.12 18.63 19.15 19.67 20.18 20.68 21.16 21.61 22.03 22.42 22.78 23.11 23.41 23.68 23.93 24.15 24.35 24.54 24.72 24.89 25.05 25.22 25.40 25.59 25.79 26.01 26.27 26.55 26.87 27.23 27.63 28.08 28.59 29.14 29.76 30.43 31.16 31.95 32.80 33.70 34.66 35.65 36.69 37.76 38.84 39.94 41.04 42.12 43.18 44.20
20.94 20.52 20.07 19.59 19.09 18.57 18.05 17.52 17.00 16.49 16.02 15.57 15.17 14.82 14.53 14.31 14.16 14.08 14.08 14.16 14.31 14.53 14.82 15.17 15.57 16.02 16.50 17.00 17.52 18.05 18.58 19.10 19.60 20.08 20.54 20.97 21.37 21.73 22.07 22.37 22.65 22.90 23.13 23.34 23.53 23.71 23.89 24.06 24.24 24.43 24.62 24.84 25.08 25.35 25.65 25.99 26.38 26.81 27.29 27.83 28.43 29.09 29.81 30.60 31.45 32.36 33.33 34.35 35.42 36.53 37.67 38.84 40.02 41.19 42.36 43.49 44.58
19.98 19.56 19.10 18.61 18.11 17.59 17.06 16.52 16.00 15.49 15.01 14.56 14.15 13.80 13.51 13.28 13.13 13.05 13.05 13.13 13.28 13.51 13.80 14.15 14.56 15.01 15.49 16.00 16.53 17.06 17.59 18.12 18.63 19.11 19.58 20.01 20.41 20.78 21.12 21.43 21.71 21.97 22.20 22.41 22.61 22.80 22.98 23.16 23.35 23.54 23.75 23.98 24.23 24.52 24.84 25.20 25.61 26.07 26.58 27.16 27.79 28.50 29.27 30.10 31.00 31.97 33.00 34.09 35.23 36.41 37.63 38.87 40.13 41.38 42.61 43.82 44.98
19.13 18.70 18.24 17.76 17.25 16.73 16.19 15.66 15.13 14.62 14.13 13.68 13.27 12.92 12.63 12.40 12.25 12.17 12.17 12.25 12.40 12.63 12.92 13.27 13.68 14.13 14.62 15.13 15.66 16.20 16.73 17.26 17.77 18.26 18.73 19.16 19.57 19.94 20.28 20.60 20.88 21.14 21.37 21.59 21.79 21.98 22.17 22.35 22.54 22.75 22.96 23.20 23.47 23.77 24.11 24.49 24.92 25.41 25.95 26.56 27.23 27.97 28.78 29.67 30.62 31.64 32.73 33.88 35.08 36.33 37.62 38.93 40.25 41.58 42.88 44.16 45.38
18.40 17.97 17.51 17.02 16.51 15.99 15.46 14.92 14.39 13.88 13.39 12.94 12.54 12.18 11.89 11.66 11.51 11.43 11.43 11.51 11.66 11.89 12.18 12.54 12.94 13.40 13.88 14.40 14.92 15.46 16.00 16.52 17.03 17.52 17.99 18.43 18.83 19.21 19.55 19.86 20.15 20.41 20.64 20.86 21.06 21.26 21.45 21.64 21.84 22.05 22.27 22.52 22.80 23.12 23.47 23.87 24.32 24.83 25.40 26.03 26.74 27.51 28.36 29.29 30.29 31.36 32.50 33.71 34.97 36.28 37.62 39.00 40.39 41.77 43.14 44.48 45.76
17.77 17.34 16.89 16.40 15.90 15.38 14.84 14.31 13.79 13.28 12.79 12.35 11.94 11.59 11.30 11.07 10.92 10.84 10.84 10.92 11.07 11.30 11.59 11.94 12.35 12.80 13.28 13.79 14.32 14.85 15.38 15.91 16.42 16.90 17.37 17.80 18.21 18.58 18.92 19.23 19.52 19.78 20.01 20.23 20.44 20.64 20.83 21.02 21.23 21.44 21.68 21.93 22.22 22.55 22.91 23.33 23.80 24.33 24.92 25.58 26.31 27.12 28.00 28.96 30.00 31.12 32.30 33.56 34.87 36.23 37.63 39.06 40.50 41.94 43.37 44.76 46.09
17.25 16.83 16.38 15.90 15.40 14.88 14.36 13.83 13.31 12.80 12.33 11.88 11.48 11.13 10.84 10.62 10.47 10.39 10.39 10.47 10.62 10.84 11.13 11.48 11.88 12.33 12.81 13.31 13.83 14.36 14.89 15.41 15.91 16.40 16.85 17.29 17.69 18.06 18.40 18.71 18.99 19.25 19.48 19.70 19.91 20.11 20.30 20.50 20.70 20.92 21.16 21.43 21.72 22.06 22.44 22.86 23.35 23.89 24.50 25.18 25.94 26.77 27.68 28.68 29.75 30.90 32.12 33.41 34.77 36.17 37.62 39.09 40.58 42.07 43.54 44.97 46.35
16.84 16.42 15.97 15.50 15.01 14.50 13.98 13.46 12.95 12.45 11.98 11.54 11.15 10.81 10.52 10.30 10.15 10.08 10.08 10.15 10.30 10.52 10.81 11.15 11.55 11.98 12.46 12.95 13.47 13.99 14.51 15.02 15.52 15.99 16.44 16.87 17.26 17.63 17.96 18.27 18.55 18.80 19.04 19.26 19.46 19.66 19.86 20.06 20.26 20.49 20.73 21.00 21.30 21.64 22.03 22.47 22.96 23.52 24.14 24.84 25.61 26.47 27.40 28.42 29.51 30.69 31.94 33.26 34.65 36.09 37.57 39.08 40.60 42.12 43.63 45.09 46.51
16.51 16.10 15.67 15.20 14.72 14.22 13.71 13.20 12.70 12.22 11.75 11.32 10.94 10.60 10.32 10.11 9.96 9.89 9.89 9.96 10.11 10.32 10.60 10.94 11.33 11.76 12.22 12.71 13.21 13.72 14.23 14.73 15.22 15.69 16.13 16.55 16.93 17.29 17.62 17.92 18.20 18.45 18.68 18.89 19.10 19.29 19.49 19.69 19.90 20.12 20.37 20.64 20.95 21.29 21.68 22.13 22.63 23.19 23.83 24.54 25.32 26.19 27.14 28.17 29.28 30.48 31.75 33.09 34.50 35.96 37.46 39.00 40.55 42.09 43.62 45.11 46.54
16.27 15.87 15.44 14.99 14.52 14.04 13.54 13.04 12.55 12.08 11.63 11.21 10.83 10.50 10.23 10.02 9.88 9.81 9.81 9.88 10.02 10.23 10.51 10.83 11.21 11.63 12.08 12.56 13.05 13.55 14.04 14.53 15.01 15.46 15.90 16.30 16.68 17.03 17.35 17.65 17.92 18.16 18.39 18.60 18.80 19.00 19.19 19.39 19.60 19.82 20.07 20.34 20.65 21.00 21.39 21.84 22.34 22.91 23.55 24.26 25.06 25.93 26.88 27.92 29.05 30.25 31.53 32.89 34.31 35.78 37.29 38.84 40.40 41.96 43.50 45.00 46.44
16.10 15.71 15.30 14.86 14.40 13.93 13.45 12.97 12.49 12.03 11.60 11.19 10.82 10.51 10.24 10.04 9.90 9.83 9.83 9.90 10.04 10.24 10.51 10.83 11.19 11.60 12.04 12.50 12.97 13.46 13.94 14.42 14.88 15.32 15.74 16.13 16.50 16.84 17.15 17.44 17.70 17.94 18.16 18.37 18.57 18.76 18.95 19.15 19.35 19.57 19.82 20.09 20.40 20.75 21.14 21.59 22.09 22.66 23.30 24.01 24.80 25.68 26.63 27.67 28.80 30.00 31.28 32.64 34.05 35.53 37.04 38.59 40.15 41.70 43.24 44.75 46.19
15.99 15.62 15.22 14.80 14.36 13.90 13.44 12.97 12.51 12.07 11.64 11.25 10.90 10.59 10.34 10.14 10.01 9.94 9.94 10.01 10.14 10.34 10.59 10.90 11.25 11.65 12.07 12.52 12.98 13.44 13.91 14.37 14.81 15.24 15.65 16.03 16.38 16.71 17.01 17.29 17.54 17.78 17.99 18.19 18.38 18.57 18.76 18.95 19.15 19.37 19.62 19.88 20.19 20.53 20.92 21.36 21.87 22.43 23.06 23.77 24.56 25.42 26.37 27.40 28.52 29.71 30.99 32.33 33.73 35.20 36.70 38.23 39.78 41.33 42.85 44.34 45.78
15.94 15.58 15.20 14.79 14.37 13.93 13.48 13.04 12.59 12.17 11.76 11.38 11.04 10.75 10.50 10.32 10.19 10.12 10.12 10.19 10.32 10.50 10.75 11.05 11.39 11.76 12.17 12.60 13.04 13.49 13.94 14.38 14.81 15.22 15.61 15.97 16.31 16.63 16.92 17.19 17.43 17.66 17.86 18.06 18.24 18.43 18.61 18.80 18.99 19.21 19.45 19.71 20.01 20.35 20.73 21.17 21.66 22.21 22.84 23.53 24.31 25.16 26.09 27.11 28.21 29.38 30.64 31.96 33.34 34.78 36.26 37.77 39.29 40.82 42.32 43.79 45.20
15.93 15.58 15.22 14.83 14.42 14.01 13.58 13.15 12.73 12.32 11.93 11.57 11.25 10.97 10.73 10.55 10.43 10.37 10.37 10.43 10.55 10.73 10.97 11.25 11.58 11.94 12.33 12.73 13.16 13.59 14.01 14.44 14.85 15.24 15.61 15.96 16.29 16.59 16.87 17.12 17.36 17.57 17.77 17.96 18.14 18.32 18.49 18.67 18.87 19.07 19.31 19.56 19.85 20.18 20.56 20.98 21.46 22.01 22.62 23.30 24.05 24.88 25.80 26.79 27.86 29.01 30.23 31.52 32.88 34.28 35.73 37.20 38.69 40.18 41.65 43.08 44.46
15.95 15.63 15.28 14.91 14.52 14.12 13.72 13.31 12.91 12.52 12.15 11.81 11.50 11.23 11.01 10.84 10.72 10.66 10.66 10.72 10.84 11.01 11.24 11.50 11.81 12.16 12.53 12.92 13.32 13.73 14.13 14.53 14.92 15.30 15.65 15.99 16.30 16.59 16.85 17.09 17.32 17.52 17.71 17.89 18.06 18.23 18.40 18.58 18.76 18.96 19.19 19.44 19.72 20.04 20.40 20.81 21.28 21.80 22.39 23.05 23.78 24.59 25.47 26.44 27.47 28.59 29.77 31.03 32.34 33.70 35.10 36.53 37.97 39.41 40.84 42.23 43.56
16.01 15.70 15.37 15.02 14.65 14.28 13.89 13.51 13.13 12.76 12.41 12.09 11.79 11.54 11.33 11.17 11.06 11.00 11.00 11.06 11.17 11.33 11.54 11.80 12.09 12.41 12.76 13.13 13.51 13.90 14.29 14.67 15.03 15.39 15.72 16.04 16.34 16.61 16.86 17.09 17.30 17.50 17.68 17.85 18.01 18.17 18.33 18.50 18.68 18.87 19.08 19.32 19.59 19.90 20.25 20.64 21.09 21.60 22.16 22.80 23.50 24.28 25.13 26.05 27.05 28.12 29.26 30.47 31.73 33.04 34.39 35.76 37.15 38.53 39.90 41.24 42.52
16.08 15.79 15.48 15.15 14.81 14.45 14.09 13.73 13.37 13.02 12.70 12.39 12.11 11.88 11.68 11.52 11.42 11.37 11.37 11.42 11.52 11.68 11.88 12.12 12.39 12.70 13.03 13.38 13.73 14.10 14.46 14.82 15.17 15.50 15.82 16.12 16.39 16.65 16.89 17.10 17.30 17.49 17.66 17.82 17.97 18.13 18.28 18.44 18.61 18.79 18.99 19.22 19.48 19.77 20.10 20.48 20.91 21.39 21.93 22.54 23.21 23.95 24.76 25.64 26.59 27.62 28.70 29.85 31.06 32.31 33.59 34.90 36.23 37.55 38.86 40.13 41.36
16.17 15.90 15.61 15.30 14.98 14.64 14.31 13.97 13.63 13.31 13.00 12.71 12.46 12.23 12.04 11.90 11.80 11.76 11.76 11.81 11.90 12.05 12.23 12.46 12.72 13.00 13.31 13.64 13.98 14.32 14.66 14.99 15.32 15.63 15.93 16.21 16.47 16.71 16.93 17.14 17.32 17.50 17.66 17.81 17.95 18.09 18.24 18.39 18.55 18.72 18.91 19.13 19.37 19.65 19.96 20.32 20.72 21.18 21.69 22.26 22.90 23.60 24.37 25.20 26.11 27.07 28.10 29.19 30.33 31.51 32.73 33.97 35.23 36.48 37.72 38.92 40.08
16.27 16.02 15.75 15.46 15.16 14.85 14.53 14.22 13.91 13.60 13.32 13.05 12.81 12.60 12.43 12.29 12.20 12.16 12.16 12.20 12.29 12.43 12.60 12.81 13.05 13.32 13.61 13.92 14.23 14.55 14.87 15.18 15.48 15.78 16.05 16.31 16.56 16.78 16.99 17.18 17.35 17.51 17.66 17.81 17.94 18.07 18.21 18.35 18.50 18.66 18.84 19.04 19.27 19.53 19.82 20.16 20.54 20.97 21.45 21.98 22.58 23.24 23.96 24.75 25.59 26.50 27.47 28.49 29.56 30.67 31.82 32.98 34.16 35.34 36.50 37.63 38.72
16.38 16.15 15.90 15.63 15.35 15.06 14.77 14.48 14.19 13.91 13.64 13.39 13.17 12.98 12.81 12.69 12.61 12.56 12.57 12.61 12.69 12.82 12.98 13.17 13.40 13.65 13.92 14.20 14.49 14.79 15.08 15.37 15.66 15.93 16.19 16.43 16.65 16.86 17.05 17.23 17.39 17.54 17.68 17.81 17.94 18.06 18.19 18.32 18.45 18.60 18.77 18.96 19.17 19.41 19.69 20.00 20.35 20.75 21.20 21.70 22.26 22.87 23.54 24.27 25.06 25.91 26.81 27.76 28.76 29.80 30.86 31.95 33.05 34.14 35.23 36.28 37.30
16.50 16.28 16.05 15.80 15.54 15.28 15.01 14.74 14.47 14.21 13.96 13.74 13.53 13.35 13.20 13.09 13.01 12.97 12.97 13.01 13.09 13.21 13.36 13.54 13.75 13.98 14.22 14.49 14.76 15.03 15.30 15.57 15.83 16.09 16.32 16.55 16.76 16.95 17.13 17.29 17.44 17.58 17.71 17.83 17.94 18.06 18.17 18.29 18.42 18.56 18.71 18.88 19.08 19.30 19.55 19.84 20.17 20.54 20.95 21.41 21.93 22.49 23.12 23.79 24.52 25.31 26.14 27.02 27.94 28.90 29.89 30.89 31.91 32.92 33.92 34.90 35.84
16.61 16.41 16.20 15.97 15.74 15.49 15.25 15.00 14.75 14.51 14.29 14.08 13.89 13.72 13.59 13.48 13.41 13.38 13.38 13.42 13.49 13.59 13.73 13.90 14.09 14.30 14.53 14.77 15.02 15.27 15.53 15.78 16.02 16.25 16.47 16.67 16.87 17.05 17.21 17.36 17.50 17.62 17.74 17.85 17.96 18.06 18.16 18.27 18.39 18.51 18.65 18.81 18.99 19.19 19.42 19.69 19.99 20.32 20.70 21.13 21.60 22.12 22.69 23.31 23.98 24.70 25.46 26.27 27.12 28.00 28.90 29.82 30.75 31.68 32.60 33.50 34.36
16.73 16.55 16.35 16.14 15.93 15.70 15.48 15.25 15.03 14.81 14.60 14.41 14.24 14.09 13.96 13.87 13.80 13.77 13.77 13.81 13.88 13.97 14.10 14.25 14.43 14.63 14.84 15.06 15.29 15.52 15.75 15.98 16.20 16.41 16.62 16.81 16.98 17.15 17.30 17.43 17.56 17.67 17.78 17.88 17.98 18.07 18.16 18.26 18.37 18.48 18.60 18.75 18.91 19.09 19.30 19.54 19.81 20.12 20.46 20.85 21.28 21.75 22.27 22.83 23.44 24.09 24.79 25.53 26.30 27.10 27.92 28.76 29.61 30.46 31.29 32.11 32.90
16.84 16.67 16.50 16.31 16.11 15.91 15.70 15.50 15.29 15.09 14.91 14.73 14.58 14.44 14.33 14.24 14.18 14.16 14.16 14.19 14.25 14.34 14.46 14.60 14.76 14.94 15.13 15.34 15.55 15.76 15.97 16.18 16.39 16.58 16.77 16.94 17.10 17.25 17.39 17.51 17.63 17.73 17.83 17.92 18.00 18.09 18.17 18.26 18.35 18.45 18.56 18.69 18.83 19.00 19.18 19.40 19.64 19.92 20.23 20.57 20.96 21.39 21.85 22.36 22.91 23.50 24.13 24.80 25.49 26.22 26.96 27.72 28.48 29.25 30.01 30.74 31.45
16.95 16.80 16.64 16.47 16.29 16.11 15.92 15.73 15.55 15.37 15.20 15.04 14.90 14.78 14.68 14.60 14.55 14.52 14.53 14.56 14.61 14.70 14.80 14.93 15.08 15.25 15.42 15.61 15.80 16.00 16.19 16.39 16.57 16.75 16.92 17.08 17.23 17.37 17.49 17.60 17.71 17.80 17.89 17.97 18.04 18.12 18.19 18.26 18.34 18.43 18.53 18.64 18.77 18.91 19.08 19.27 19.48 19.73 20.00 20.31 20.66 21.04 21.46 21.91 22.41 22.93 23.50 24.09 24.72 25.36 26.03 26.71 27.40 28.08 28.76 29.42 30.06
17.05 16.92 16.77 16.62 16.46 16.29 16.13 15.96 15.79 15.63 15.48 15.34 15.21 15.10 15.01 14.94 14.90 14.87 14.88 14.91 14.96 15.04 15.14 15.26 15.39 15.54 15.71 15.88 16.06 16.24 16.41 16.59 16.76 16.93 17.08 17.23 17.37 17.49 17.60 17.71 17.80 17.88 17.96 18.03 18.09 18.16 18.22 18.28 18.35 18.43 18.51 18.60 18.71 18.84 18.98 19.15 19.33 19.55 19.79 20.07 20.37 20.71 21.08 21.48 21.92 22.39 22.89 23.42 23.97 24.55 25.14 25.75 26.36 26.97 27.57 28.16 28.72
17.15 17.03 16.90 16.76 16.62 16.47 16.32 16.17 16.02 15.88 15.74 15.62 15.50 15.40 15.32 15.26 15.22 15.21 15.21 15.24 15.29 15.36 15.45 15.56 15.69 15.83 15.98 16.14 16.30 16.47 16.64 16.80 16.96 17.11 17.26 17.39 17.52 17.63 17.73 17.83 17.91 17.98 18.05 18.11 18.16 18.22 18.27 18.32 18.37 18.43 18.50 18.58 18.67 18.78 18.90 19.04 19.20 19.39 19.60 19.84 20.10 20.40 20.72 21.08 21.46 21.88 22.32 22.78 23.27 23.78 24.30 24.84 25.37 25.91 26.44 26.96 27.46
17.24 17.13 17.02 16.90 16.77 16.64 16.50 16.37 16.24 16.11 15.99 15.88 15.78 15.69 15.62 15.57 15.53 15.52 15.53 15.55 15.60 15.67 15.76 15.86 15.98 16.11 16.25 16.40 16.55 16.71 16.86 17.02 17.16 17.31 17.44 17.57 17.68 17.79 17.88 17.96 18.04 18.10 18.16 18.21 18.25 18.29 18.33 18.37 18.41 18.46 18.51 18.57 18.64 18.73 18.83 18.95 19.09 19.24 19.42 19.63 19.86 20.11 20.40 20.70 21.04 21.40 21.78 22.19 22.62 23.06 23.52 23.99 24.46 24.93 25.39 25.85 26.29
