india_shp_raster_demo_output/demo_india_disease_risk_raster.asc
ncols 125
nrows 120
xllcorner 67.0
yllcorner 6.0
cellsize 0.25
NODATA_value -9999
[rows 68 to 101 of 120, columns 0 to 76 of 125]
17.33 17.23 17.13 17.02 16.91 16.79 16.67 16.55 16.44 16.32 16.22 16.12 16.03 15.96 15.90 15.85 15.82 15.81 15.82 15.85 15.90 15.97 16.05 16.15 16.26 16.38 16.51 16.66 16.80 16.95 17.10 17.24 17.38 17.52 17.64 17.76 17.87 17.97 18.05 18.13 18.19 18.25 18.30 18.34 18.37 18.40 18.42 18.45 18.48 18.51 18.54 18.59 18.64 18.70 18.78 18.88 18.99 19.12 19.27 19.44 19.64 19.85 20.10 20.36 20.65 20.96 21.29 21.65 22.02 22.40 22.80 23.20 23.61 24.02 24.42 24.82 25.20
17.41 17.32 17.23 17.14 17.04 16.93 16.83 16.73 16.62 16.52 16.43 16.34 16.27 16.20 16.15 16.11 16.09 16.09 16.10 16.13 16.18 16.25 16.33 16.42 16.53 16.65 16.78 16.91 17.05 17.20 17.34 17.48 17.62 17.75 17.87 17.98 18.09 18.18 18.26 18.33 18.38 18.43 18.47 18.50 18.52 18.53 18.55 18.56 18.57 18.58 18.60 18.62 18.65 18.70 18.75 18.83 18.91 19.01 19.14 19.28 19.44 19.62 19.83 20.05 20.30 20.56 20.85 21.15 21.47 21.80 22.14 22.49 22.84 23.19 23.54 23.88 24.21
17.48 17.40 17.33 17.24 17.15 17.06 16.97 16.88 16.79 16.71 16.63 16.55 16.49 16.43 16.39 16.36 16.35 16.35 16.36 16.40 16.45 16.51 16.59 16.69 16.80 16.92 17.04 17.18 17.32 17.46 17.60 17.74 17.88 18.01 18.13 18.24 18.34 18.43 18.50 18.57 18.62 18.66 18.68 18.70 18.71 18.71 18.71 18.70 18.69 18.69 18.68 18.69 18.70 18.72 18.75 18.80 18.86 18.94 19.03 19.14 19.27 19.42 19.59 19.77 19.98 20.20 20.44 20.70 20.97 21.25 21.54 21.84 22.14 22.44 22.74 23.03 23.31
17.54 17.48 17.41 17.34 17.26 17.18 17.10 17.03 16.95 16.87 16.80 16.74 16.69 16.64 16.61 16.59 16.58 16.59 16.61 16.65 16.70 16.77 16.85 16.95 17.06 17.18 17.31 17.45 17.60 17.74 17.89 18.03 18.17 18.30 18.43 18.54 18.64 18.73 18.80 18.86 18.90 18.93 18.95 18.95 18.95 18.93 18.91 18.88 18.86 18.83 18.81 18.79 18.77 18.77 18.78 18.80 18.83 18.88 18.95 19.03 19.13 19.25 19.38 19.53 19.70 19.89 20.09 20.30 20.53 20.77 21.01 21.26 21.52 21.77 22.02 22.27 22.51
17.60 17.55 17.49 17.43 17.36 17.29 17.22 17.16 17.09 17.03 16.97 16.92 16.87 16.84 16.81 16.80 16.80 16.81 16.84 16.89 16.95 17.02 17.11 17.21 17.33 17.46 17.60 17.74 17.89 18.05 18.20 18.36 18.50 18.64 18.77 18.89 18.99 19.08 19.16 19.21 19.25 19.27 19.27 19.27 19.24 19.21 19.17 19.12 19.07 19.02 18.97 18.92 18.88 18.85 18.83 18.83 18.83 18.85 18.89 18.95 19.02 19.10 19.21 19.33 19.46 19.61 19.77 19.95 20.14 20.34 20.54 20.75 20.96 21.18 21.39 21.60 21.79
17.66 17.61 17.56 17.50 17.45 17.39 17.33 17.27 17.22 17.16 17.12 17.07 17.04 17.01 17.00 16.99 17.00 17.02 17.06 17.11 17.18 17.27 17.37 17.48 17.61 17.75 17.90 18.06 18.22 18.39 18.56 18.72 18.88 19.04 19.18 19.31 19.42 19.51 19.58 19.64 19.67 19.68 19.67 19.65 19.61 19.56 19.49 19.42 19.34 19.26 19.18 19.10 19.04 18.98 18.93 18.89 18.87 18.86 18.87 18.89 18.93 18.99 19.06 19.15 19.26 19.37 19.50 19.65 19.80 19.96 20.13 20.30 20.48 20.66 20.83 21.01 21.17
17.71 17.66 17.62 17.57 17.53 17.48 17.43 17.38 17.33 17.29 17.25 17.22 17.19 17.17 17.17 17.17 17.19 17.22 17.27 17.33 17.41 17.51 17.62 17.75 17.89 18.05 18.22 18.40 18.58 18.77 18.96 19.15 19.33 19.50 19.65 19.79 19.92 20.02 20.09 20.15 20.17 20.18 20.16 20.12 20.05 19.98 19.88 19.78 19.67 19.56 19.45 19.34 19.23 19.14 19.06 18.99 18.93 18.89 18.87 18.87 18.88 18.91 18.95 19.01 19.08 19.17 19.27 19.39 19.51 19.64 19.77 19.92 20.06 20.21 20.35 20.49 20.63
17.75 17.71 17.68 17.64 17.60 17.55 17.51 17.47 17.44 17.40 17.37 17.35 17.33 17.32 17.33 17.34 17.37 17.42 17.47 17.55 17.64 17.76 17.89 18.03 18.20 18.38 18.57 18.77 18.98 19.20 19.41 19.63 19.83 20.03 20.21 20.37 20.50 20.62 20.70 20.75 20.78 20.77 20.74 20.68 20.59 20.48 20.36 20.22 20.08 19.93 19.77 19.62 19.48 19.35 19.23 19.12 19.03 18.96 18.91 18.87 18.85 18.85 18.87 18.90 18.95 19.01 19.08 19.17 19.26 19.36 19.47 19.58 19.70 19.82 19.94 20.05 20.17
17.79 17.76 17.73 17.69 17.66 17.62 17.59 17.56 17.53 17.50 17.48 17.47 17.46 17.46 17.48 17.50 17.54 17.60 17.67 17.77 17.88 18.01 18.16 18.33 18.52 18.73 18.95 19.19 19.43 19.68 19.93 20.18 20.42 20.65 20.85 21.04 21.19 21.32 21.41 21.47 21.49 21.47 21.42 21.34 21.23 21.09 20.93 20.75 20.56 20.36 20.17 19.97 19.79 19.61 19.45 19.30 19.17 19.07 18.98 18.91 18.86 18.83 18.82 18.82 18.84 18.88 18.92 18.98 19.05 19.13 19.21 19.30 19.40 19.49 19.59 19.68 19.77
17.82 17.79 17.77 17.74 17.71 17.69 17.66 17.63 17.61 17.59 17.58 17.57 17.58 17.59 17.61 17.65 17.71 17.78 17.87 17.98 18.11 18.27 18.45 18.65 18.87 19.11 19.37 19.65 19.93 20.23 20.52 20.81 21.09 21.35 21.60 21.81 21.99 22.14 22.24 22.30 22.32 22.29 22.22 22.11 21.97 21.79 21.59 21.37 21.13 20.88 20.64 20.39 20.15 19.93 19.72 19.53 19.35 19.21 19.08 18.97 18.89 18.83 18.79 18.77 18.76 18.77 18.80 18.84 18.88 18.94 19.00 19.07 19.14 19.21 19.29 19.36 19.44
17.85 17.83 17.81 17.78 17.76 17.74 17.72 17.70 17.69 17.68 17.67 17.67 17.69 17.71 17.75 17.80 17.87 17.96 18.07 18.20 18.36 18.54 18.75 18.99 19.25 19.53 19.84 20.16 20.49 20.84 21.18 21.52 21.85 22.16 22.45 22.70 22.91 23.07 23.19 23.26 23.27 23.24 23.15 23.01 22.83 22.61 22.36 22.09 21.79 21.49 21.18 20.88 20.58 20.30 20.04 19.79 19.58 19.38 19.21 19.07 18.96 18.86 18.79 18.74 18.71 18.70 18.70 18.72 18.75 18.78 18.82 18.87 18.93 18.98 19.04 19.10 19.16
17.87 17.86 17.84 17.82 17.80 17.79 17.77 17.76 17.75 17.75 17.75 17.76 17.79 17.82 17.87 17.94 18.02 18.13 18.26 18.42 18.61 18.83 19.07 19.35 19.65 19.99 20.35 20.72 21.12 21.52 21.93 22.33 22.71 23.07 23.41 23.70 23.95 24.14 24.28 24.35 24.36 24.31 24.20 24.03 23.81 23.54 23.24 22.91 22.55 22.18 21.81 21.44 21.08 20.73 20.41 20.11 19.84 19.60 19.38 19.20 19.05 18.92 18.82 18.74 18.69 18.65 18.63 18.63 18.64 18.66 18.68 18.71 18.75 18.79 18.84 18.88 18.93
17.90 17.88 17.87 17.86 17.84 17.83 17.82 17.81 17.81 17.82 17.83 17.85 17.88 17.93 17.99 18.07 18.18 18.31 18.46 18.65 18.87 19.13 19.41 19.74 20.09 20.48 20.90 21.34 21.80 22.28 22.75 23.22 23.67 24.09 24.48 24.82 25.11 25.33 25.49 25.57 25.58 25.52 25.38 25.18 24.91 24.59 24.23 23.83 23.40 22.96 22.51 22.07 21.64 21.22 20.83 20.47 20.14 19.85 19.58 19.36 19.16 19.00 18.87 18.77 18.69 18.63 18.59 18.56 18.55 18.56 18.57 18.59 18.61 18.64 18.67 18.70 18.74
17.91 17.90 17.89 17.88 17.87 17.87 17.86 17.86 17.87 17.88 17.90 17.93 17.97 18.03 18.11 18.21 18.33 18.48 18.67 18.89 19.15 19.44 19.78 20.15 20.57 21.02 21.51 22.02 22.55 23.10 23.65 24.20 24.72 25.21 25.66 26.06 26.39 26.65 26.83 26.93 26.93 26.86 26.69 26.45 26.14 25.76 25.33 24.85 24.35 23.83 23.30 22.77 22.26 21.77 21.31 20.88 20.48 20.13 19.82 19.54 19.31 19.11 18.94 18.81 18.70 18.62 18.56 18.52 18.49 18.48 18.48 18.49 18.50 18.52 18.54 18.56 18.58
17.93 17.92 17.92 17.91 17.90 17.90 17.90 17.90 17.91 17.93 17.96 18.00 18.05 18.13 18.22 18.34 18.49 18.66 18.88 19.13 19.43 19.77 20.16 20.59 21.07 21.59 22.15 22.75 23.36 24.00 24.63 25.26 25.86 26.43 26.95 27.41 27.79 28.09 28.29 28.40 28.41 28.31 28.12 27.84 27.47 27.03 26.52 25.97 25.38 24.77 24.16 23.54 22.94 22.37 21.83 21.33 20.86 20.45 20.08 19.75 19.47 19.24 19.04 18.87 18.74 18.64 18.55 18.50 18.45 18.43 18.41 18.41 18.41 18.42 18.43 18.44 18.46
17.95 17.94 17.93 17.93 17.93 17.93 17.93 17.94 17.96 17.98 18.02 18.07 18.13 18.22 18.33 18.47 18.64 18.85 19.09 19.38 19.73 20.12 20.56 21.06 21.61 22.20 22.84 23.52 24.23 24.95 25.68 26.39 27.08 27.73 28.33 28.85 29.29 29.63 29.86 29.98 29.99 29.88 29.66 29.33 28.90 28.39 27.81 27.17 26.50 25.79 25.08 24.37 23.68 23.02 22.39 21.81 21.28 20.79 20.37 19.99 19.66 19.38 19.14 18.95 18.79 18.66 18.56 18.49 18.43 18.39 18.36 18.35 18.34 18.34 18.34 18.35 18.36
17.96 17.95 17.95 17.95 17.95 17.95 17.96 17.98 18.00 18.03 18.07 18.13 18.21 18.31 18.44 18.60 18.79 19.03 19.31 19.64 20.03 20.47 20.97 21.54 22.16 22.84 23.56 24.33 25.13 25.95 26.77 27.59 28.37 29.11 29.78 30.37 30.87 31.25 31.52 31.65 31.66 31.53 31.28 30.90 30.42 29.83 29.17 28.44 27.67 26.87 26.06 25.25 24.46 23.71 22.99 22.33 21.72 21.16 20.67 20.24 19.86 19.54 19.27 19.04 18.85 18.70 18.58 18.49 18.42 18.37 18.33 18.30 18.29 18.28 18.28 18.28 18.28
17.97 17.97 17.96 17.97 17.97 17.98 17.99 18.01 18.03 18.07 18.12 18.19 18.28 18.40 18.54 18.72 18.94 19.21 19.53 19.90 20.33 20.83 21.40 22.03 22.73 23.49 24.30 25.17 26.07 26.98 27.91 28.82 29.70 30.53 31.29 31.95 32.51 32.94 33.24 33.39 33.39 33.25 32.96 32.53 31.99 31.33 30.58 29.76 28.89 27.99 27.07 26.16 25.27 24.42 23.61 22.86 22.17 21.55 20.99 20.50 20.08 19.71 19.40 19.14 18.93 18.75 18.61 18.50 18.42 18.35 18.31 18.27 18.25 18.24 18.23 18.22 18.22
17.98 17.98 17.98 17.98 17.99 18.00 18.01 18.03 18.07 18.11 18.17 18.25 18.35 18.48 18.64 18.84 19.09 19.39 19.74 20.16 20.64 21.20 21.82 22.53 23.30 24.15 25.05 26.01 27.01 28.04 29.06 30.08 31.06 31.98 32.82 33.56 34.17 34.65 34.98 35.15 35.15 34.99 34.67 34.20 33.58 32.85 32.02 31.10 30.13 29.13 28.10 27.09 26.10 25.15 24.25 23.41 22.64 21.95 21.32 20.78 20.30 19.89 19.54 19.25 19.01 18.81 18.65 18.52 18.43 18.35 18.29 18.25 18.22 18.20 18.19 18.18 18.18
17.98 17.98 17.99 17.99 18.00 18.01 18.03 18.06 18.10 18.15 18.21 18.30 18.42 18.56 18.74 18.96 19.23 19.56 19.95 20.41 20.94 21.55 22.24 23.02 23.87 24.80 25.80 26.86 27.95 29.08 30.21 31.33 32.41 33.42 34.34 35.16 35.84 36.36 36.72 36.91 36.91 36.73 36.38 35.85 35.18 34.37 33.45 32.44 31.37 30.26 29.14 28.02 26.92 25.87 24.88 23.96 23.11 22.34 21.66 21.05 20.52 20.07 19.68 19.36 19.09 18.87 18.69 18.55 18.44 18.35 18.29 18.24 18.20 18.18 18.16 18.15 18.14
17.99 17.99 18.00 18.00 18.01 18.03 18.05 18.08 18.12 18.18 18.25 18.35 18.48 18.63 18.83 19.07 19.37 19.73 20.15 20.65 21.23 21.90 22.65 23.49 24.42 25.44 26.52 27.67 28.87 30.10 31.33 32.55 33.72 34.82 35.83 36.71 37.45 38.03 38.42 38.62 38.62 38.43 38.04 37.47 36.73 35.85 34.85 33.75 32.58 31.37 30.14 28.92 27.73 26.58 25.50 24.49 23.57 22.73 21.98 21.32 20.74 20.24 19.82 19.47 19.17 18.93 18.74 18.58 18.46 18.36 18.29 18.23 18.19 18.16 18.14 18.13 18.12
17.99 18.00 18.00 18.01 18.02 18.04 18.07 18.10 18.15 18.21 18.29 18.40 18.53 18.70 18.91 19.18 19.50 19.88 20.34 20.88 21.51 22.22 23.04 23.94 24.95 26.04 27.21 28.45 29.74 31.06 32.39 33.70 34.96 36.15 37.24 38.19 38.99 39.61 40.03 40.25 40.25 40.04 39.62 39.00 38.21 37.26 36.17 34.99 33.73 32.42 31.09 29.78 28.49 27.26 26.09 25.00 24.00 23.10 22.29 21.57 20.95 20.41 19.96 19.57 19.26 18.99 18.78 18.61 18.48 18.37 18.29 18.23 18.18 18.15 18.13 18.11 18.10
18.00 18.00 18.01 18.02 18.03 18.05 18.08 18.12 18.17 18.23 18.32 18.44 18.58 18.76 18.99 19.27 19.61 20.02 20.51 21.09 21.76 22.52 23.39 24.36 25.43 26.59 27.84 29.16 30.54 31.94 33.36 34.76 36.11 37.38 38.53 39.55 40.40 41.06 41.51 41.74 41.74 41.51 41.07 40.41 39.56 38.55 37.39 36.13 34.78 33.39 31.97 30.57 29.19 27.88 26.63 25.47 24.40 23.44 22.57 21.81 21.14 20.57 20.08 19.67 19.33 19.05 18.82 18.64 18.50 18.39 18.30 18.23 18.18 18.14 18.12 18.10 18.08
18.00 18.01 18.01 18.03 18.04 18.06 18.09 18.13 18.18 18.26 18.35 18.47 18.62 18.82 19.06 19.35 19.71 20.15 20.67 21.27 21.98 22.78 23.70 24.72 25.85 27.08 28.39 29.79 31.24 32.73 34.22 35.70 37.12 38.46 39.68 40.75 41.65 42.34 42.82 43.06 43.06 42.82 42.35 41.65 40.76 39.69 38.47 37.13 35.71 34.24 32.75 31.26 29.81 28.42 27.11 25.88 24.76 23.74 22.82 22.02 21.31 20.71 20.19 19.76 19.40 19.10 18.86 18.67 18.52 18.40 18.30 18.23 18.18 18.14 18.11 18.09 18.07
18.01 18.01 18.02 18.03 18.05 18.07 18.10 18.14 18.20 18.27 18.37 18.50 18.66 18.86 19.11 19.42 19.80 20.25 20.79 21.43 22.16 23.00 23.96 25.03 26.20 27.48 28.86 30.32 31.83 33.38 34.94 36.48 37.97 39.36 40.64 41.76 42.70 43.42 43.92 44.17 44.17 43.92 43.43 42.70 41.77 40.65 39.37 37.98 36.50 34.96 33.40 31.85 30.34 28.88 27.51 26.23 25.05 23.99 23.03 22.19 21.46 20.83 20.29 19.83 19.46 19.15 18.90 18.70 18.53 18.41 18.31 18.24 18.18 18.14 18.11 18.08 18.07
18.01 18.01 18.02 18.03 18.05 18.08 18.11 18.15 18.21 18.29 18.39 18.52 18.69 18.90 19.16 19.48 19.87 20.33 20.89 21.55 22.30 23.18 24.16 25.26 26.48 27.80 29.22 30.73 32.29 33.89 35.51 37.09 38.63 40.07 41.39 42.54 43.51 44.26 44.77 45.03 45.03 44.78 44.26 43.52 42.55 41.39 40.08 38.64 37.11 35.52 33.91 32.31 30.74 29.24 27.82 26.50 25.28 24.18 23.20 22.33 21.57 20.92 20.36 19.89 19.50 19.18 18.92 18.71 18.55 18.42 18.32 18.24 18.18 18.13 18.10 18.08 18.06
18.01 18.02 18.02 18.04 18.06 18.08 18.11 18.16 18.22 18.30 18.40 18.54 18.71 18.92 19.19 19.51 19.91 20.39 20.96 21.63 22.40 23.29 24.30 25.43 26.67 28.02 29.47 31.01 32.61 34.24 35.89 37.52 39.08 40.56 41.90 43.08 44.07 44.84 45.36 45.63 45.63 45.36 44.84 44.07 43.09 41.91 40.56 39.09 37.52 35.90 34.25 32.62 31.02 29.49 28.04 26.68 25.44 24.32 23.31 22.42 21.65 20.98 20.41 19.93 19.53 19.21 18.94 18.73 18.56 18.42 18.32 18.24 18.18 18.13 18.10 18.07 18.06
18.01 18.02 18.03 18.04 18.06 18.08 18.12 18.16 18.22 18.31 18.41 18.55 18.72 18.93 19.20 19.53 19.94 20.42 21.00 21.67 22.46 23.35 24.37 25.51 26.77 28.13 29.60 31.15 32.77 34.42 36.09 37.73 39.31 40.80 42.16 43.36 44.35 45.13 45.66 45.93 45.93 45.66 45.13 44.36 43.36 42.17 40.81 39.32 37.74 36.09 34.43 32.78 31.16 29.61 28.14 26.78 25.52 24.39 23.37 22.47 21.69 21.01 20.44 19.95 19.55 19.22 18.95 18.73 18.56 18.43 18.32 18.24 18.18 18.13 18.10 18.07 18.05
18.01 18.02 18.03 18.04 18.06 18.08 18.12 18.16 18.23 18.31 18.41 18.55 18.72 18.94 19.21 19.54 19.94 20.42 21.00 21.67 22.46 23.36 24.38 25.51 26.77 28.14 29.60 31.15 32.77 34.42 36.09 37.73 39.31 40.80 42.16 43.36 44.36 45.13 45.66 45.93 45.93 45.66 45.13 44.36 43.36 42.17 40.81 39.32 37.74 36.09 34.43 32.78 31.16 29.61 28.14 26.78 25.52 24.39 23.37 22.47 21.69 21.01 20.44 19.95 19.55 19.22 18.95 18.73 18.56 18.42 18.32 18.24 18.18 18.13 18.10 18.07 18.05
18.01 18.02 18.03 18.04 18.06 18.08 18.12 18.16 18.23 18.31 18.41 18.54 18.71 18.93 19.19 19.52 19.92 20.40 20.97 21.64 22.41 23.30 24.31 25.43 26.68 28.03 29.48 31.01 32.61 34.25 35.90 37.52 39.09 40.56 41.90 43.09 44.07 44.84 45.36 45.63 45.63 45.36 44.84 44.07 43.09 41.91 40.56 39.09 37.52 35.90 34.25 32.62 31.02 29.49 28.04 26.68 25.44 24.32 23.31 22.42 21.65 20.98 20.41 19.93 19.53 19.20 18.94 18.72 18.55 18.42 18.31 18.23 18.17 18.13 18.09 18.07 18.05
18.01 18.02 18.03 18.04 18.06 18.08 18.12 18.16 18.22 18.30 18.40 18.53 18.70 18.91 19.17 19.49 19.88 20.35 20.91 21.56 22.32 23.19 24.18 25.28 26.49 27.82 29.24 30.74 32.30 33.90 35.51 37.10 38.64 40.08 41.39 42.55 43.52 44.26 44.78 45.04 45.04 44.78 44.27 43.52 42.55 41.39 40.08 38.64 37.11 35.52 33.91 32.31 30.74 29.24 27.82 26.50 25.28 24.18 23.20 22.33 21.57 20.91 20.36 19.89 19.50 19.18 18.92 18.71 18.54 18.41 18.31 18.23 18.17 18.12 18.09 18.06 18.05
18.01 18.02 18.03 18.04 18.06 18.08 18.11 18.16 18.22 18.29 18.39 18.52 18.68 18.88 19.13 19.45 19.82 20.28 20.82 21.45 22.18 23.03 23.98 25.05 26.22 27.50 28.88 30.33 31.85 33.40 34.96 36.49 37.98 39.37 40.65 41.77 42.70 43.43 43.92 44.17 44.17 43.92 43.43 42.70 41.77 40.65 39.37 37.98 36.50 34.96 33.40 31.85 30.34 28.88 27.51 26.23 25.05 23.98 23.03 22.19 21.45 20.82 20.28 19.83 19.45 19.14 18.89 18.68 18.52 18.40 18.30 18.22 18.16 18.12 18.09 18.06 18.04
18.01 18.02 18.03 18.04 18.06 18.08 18.11 18.15 18.21 18.28 18.37 18.50 18.65 18.85 19.09 19.38 19.75 20.18 20.70 21.30 22.01 22.81 23.73 24.75 25.88 27.10 28.42 29.81 31.26 32.74 34.24 35.71 37.13 38.47 39.69 40.76 41.66 42.35 42.82 43.07 43.07 42.83 42.35 41.66 40.76 39.69 38.47 37.13 35.71 34.24 32.75 31.26 29.81 28.42 27.10 25.88 24.75 23.73 22.82 22.01 21.31 20.70 20.18 19.75 19.39 19.09 18.85 18.65 18.50 18.38 18.28 18.21 18.15 18.11 18.08 18.06 18.04
18.01 18.02 18.03 18.04 18.05 18.08 18.10 18.14 18.20 18.27 18.36 18.47 18.62 18.80 19.03 19.31 19.66 20.07 20.56 21.13 21.80 22.56 23.43 24.39 25.46 26.62 27.87 29.19 30.56 31.97 33.38 34.78 36.13 37.39 38.55 39.56 40.41 41.07 41.52 41.75 41.75 41.52 41.07 40.41 39.56 38.55 37.39 36.13 34.78 33.39 31.97 30.56 29.19 27.87 26.63 25.46 24.40 23.43 22.56 21.80 21.13 20.56 20.07 19.66 19.32 19.03 18.80 18.62 18.47 18.36 18.27 18.20 18.15 18.11 18.08 18.06 18.04
