sample_id,condition,wavelength_nm,reflectance
Hea_01,Healthy,400,0.04624490900483993
Hea_01,Healthy,405,0.05701710418089383
Hea_01,Healthy,410,0.058203912639056374
Hea_01,Healthy,415,0.04092497191102963
Hea_01,Healthy,420,0.04492442962676267
Hea_01,Healthy,425,0.053661696226784905
Hea_01,Healthy,430,0.05122530925847972
Hea_01,Healthy,435,0.05334711502388818
Hea_01,Healthy,440,0.04878473523208872
Hea_01,Healthy,445,0.059804629687337844
Hea_01,Healthy,450,0.060038141668826185
Hea_01,Healthy,455,0.05688329573982566
Hea_01,Healthy,460,0.0646989821550412
Hea_01,Healthy,465,0.06258473965834185
Hea_01,Healthy,470,0.05692594005872536
Hea_01,Healthy,475,0.06711032721977525
Hea_01,Healthy,480,0.0625190886153123
Hea_01,Healthy,485,0.07750170317291544
Hea_01,Healthy,490,0.07647412246050526
Hea_01,Healthy,495,0.08075926145574477
Hea_01,Healthy,500,0.08336076033198747
Hea_01,Healthy,505,0.1007340022505963
Hea_01,Healthy,510,0.09865045302797028
Hea_01,Healthy,515,0.10322931914822672
Hea_01,Healthy,520,0.1097391541687307
Hea_01,Healthy,525,0.12070067396945479
Hea_01,Healthy,530,0.12472452272760992
Hea_01,Healthy,535,0.12918381643170257
Hea_01,Healthy,540,0.13242699281265236
Hea_01,Healthy,545,0.14463701226812864
Hea_01,Healthy,550,0.13000993840075822
Hea_01,Healthy,555,0.12872046101782175
Hea_01,Healthy,560,0.12497367842428317
Hea_01,Healthy,565,0.13042639783469995
Hea_01,Healthy,570,0.12933989483908415
Hea_01,Healthy,575,0.11687172991198656
Hea_01,Healthy,580,0.10687856573817212
Hea_01,Healthy,585,0.10094493305597205
Hea_01,Healthy,590,0.10360621075305695
Hea_01,Healthy,595,0.09802418944340295
Hea_01,Healthy,600,0.09091945644499834
Hea_01,Healthy,605,0.0781398462716517
Hea_01,Healthy,610,0.07846936767920523
Hea_01,Healthy,615,0.07323138183984494
Hea_01,Healthy,620,0.06979109709443891
Hea_01,Healthy,625,0.070069849261041
Hea_01,Healthy,630,0.0628282028791417
Hea_01,Healthy,635,0.06232251792516893
Hea_01,Healthy,640,0.05537035913495059
Hea_01,Healthy,645,0.053263928700746796
Hea_01,Healthy,650,0.051753244704564286
Hea_01,Healthy,655,0.035750541054045154
Hea_01,Healthy,660,0.03965368961635324
Hea_01,Healthy,665,0.03707093598778123
Hea_01,Healthy,670,0.03648871600367021
Hea_01,Healthy,675,0.04212970641024328
Hea_01,Healthy,680,0.0600847505792716
Hea_01,Healthy,685,0.05778163133507621
Hea_01,Healthy,690,0.08555508237247347
Hea_01,Healthy,695,0.09140596033816908
Hea_01,Healthy,700,0.12602225004354814
Hea_01,Healthy,705,0.15978384504833024
Hea_01,Healthy,710,0.19650004395963974
Hea_01,Healthy,715,0.23364385673533794
Hea_01,Healthy,720,0.2712880289665638
Hea_01,Healthy,725,0.30075758256332064
Hea_01,Healthy,730,0.33408537231562563
Hea_01,Healthy,735,0.3725537166835588
Hea_01,Healthy,740,0.39266132737820325
Hea_01,Healthy,745,0.40821697785051886
Hea_01,Healthy,750,0.42698268394690037
Hea_01,Healthy,755,0.4424669370934122
Hea_01,Healthy,760,0.4620145796199572
Hea_01,Healthy,765,0.4683538228604135
Hea_01,Healthy,770,0.4780577381392407
Hea_01,Healthy,775,0.4761693941731706
Hea_01,Healthy,780,0.4832784109710928
Hea_01,Healthy,785,0.4887485506283973
Hea_01,Healthy,790,0.4851116807296307
Hea_01,Healthy,795,0.4911630932721811
Hea_01,Healthy,800,0.4855213227313454
Hea_01,Healthy,805,0.4881010340752769
Hea_01,Healthy,810,0.48856612390909515
Hea_01,Healthy,815,0.48410476216599113
Hea_01,Healthy,820,0.4945118082614271
Hea_01,Healthy,825,0.4890007648569151
Hea_01,Healthy,830,0.4920585196941873
Hea_01,Healthy,835,0.4949898381131551
Hea_01,Healthy,840,0.4948737010940207
Hea_01,Healthy,845,0.4962520754328447
Hea_01,Healthy,850,0.49171660260104233
Hea_01,Healthy,855,0.4898026673838201
Hea_01,Healthy,860,0.4918897154361932
Hea_01,Healthy,865,0.48226272552328564
Hea_01,Healthy,870,0.48371774494513875
Hea_01,Healthy,875,0.484474236745659
Hea_01,Healthy,880,0.4864342806101975
Hea_01,Healthy,885,0.494821767752599
Hea_01,Healthy,890,0.486994170199948
Hea_01,Healthy,895,0.4901609387509793
Hea_01,Healthy,900,0.5002273832882266
Hea_02,Healthy,400,0.05162205864655856
Hea_02,Healthy,405,0.04162484251946896
Hea_02,Healthy,410,0.04604005058697645
Hea_02,Healthy,415,0.0416432023069623
Hea_02,Healthy,420,0.04541545980600634
Hea_02,Healthy,425,0.05264865422599871
Hea_02,Healthy,430,0.03747099386686026
Hea_02,Healthy,435,0.0507666154236622
Hea_02,Healthy,440,0.05004156400499701
Hea_02,Healthy,445,0.045675493697453246
Hea_02,Healthy,450,0.041407194523394905
Hea_02,Healthy,455,0.05163204019421472
Hea_02,Healthy,460,0.04947073025232333
Hea_02,Healthy,465,0.055887892466430944
Hea_02,Healthy,470,0.05692495930263859
Hea_02,Healthy,475,0.0692206474566789
Hea_02,Healthy,480,0.061548402048921286
Hea_02,Healthy,485,0.06080216800281375
Hea_02,Healthy,490,0.07256148332963382
Hea_02,Healthy,495,0.07790056733432006
Hea_02,Healthy,500,0.09031361464332688
Hea_02,Healthy,505,0.09312157328751272
Hea_02,Healthy,510,0.09643100786875328
Hea_02,Healthy,515,0.10929125502199588
Hea_02,Healthy,520,0.0994315287391961
Hea_02,Healthy,525,0.10838046125310934
Hea_02,Healthy,530,0.11168455428646544
Hea_02,Healthy,535,0.11908071353666515
Hea_02,Healthy,540,0.11629410150274033
Hea_02,Healthy,545,0.13031018393726546
Hea_02,Healthy,550,0.1258272439099464
Hea_02,Healthy,555,0.11768123121870816
Hea_02,Healthy,560,0.11847499189999833
Hea_02,Healthy,565,0.12332375597742128
Hea_02,Healthy,570,0.12230697208359823
Hea_02,Healthy,575,0.12424795160153967
Hea_02,Healthy,580,0.12411483098946441
Hea_02,Healthy,585,0.1030904285432486
Hea_02,Healthy,590,0.08847757689939069
Hea_02,Healthy,595,0.07548453832526758
Hea_02,Healthy,600,0.08397895120270332
Hea_02,Healthy,605,0.07196740953699504
Hea_02,Healthy,610,0.06929640777319993
Hea_02,Healthy,615,0.06357083778411486
Hea_02,Healthy,620,0.06234637178903966
Hea_02,Healthy,625,0.06594930957155086
Hea_02,Healthy,630,0.05714107258463881
Hea_02,Healthy,635,0.05200937911797857
Hea_02,Healthy,640,0.04346311379453551
Hea_02,Healthy,645,0.03619326623385389
Hea_02,Healthy,650,0.039759819488566196
Hea_02,Healthy,655,0.03888293226174237
Hea_02,Healthy,660,0.04689144798944949
Hea_02,Healthy,665,0.03538697063584846
Hea_02,Healthy,670,0.04093057175274174
Hea_02,Healthy,675,0.035496937919841605
Hea_02,Healthy,680,0.038717591706836224
Hea_02,Healthy,685,0.05189806904931458
Hea_02,Healthy,690,0.07010620745118319
Hea_02,Healthy,695,0.10898614895594803
Hea_02,Healthy,700,0.11781539174158961
Hea_02,Healthy,705,0.15855041347359142
Hea_02,Healthy,710,0.18227729849643506
Hea_02,Healthy,715,0.2296780869272994
Hea_02,Healthy,720,0.2635498029454726
Hea_02,Healthy,725,0.2966222572043359
Hea_02,Healthy,730,0.33132705950827357
Hea_02,Healthy,735,0.3581892868169127
Hea_02,Healthy,740,0.3911977381298586
Hea_02,Healthy,745,0.40785334650197486
Hea_02,Healthy,750,0.42114092424179095
Hea_02,Healthy,755,0.4350281769569773
Hea_02,Healthy,760,0.4547792942554405
Hea_02,Healthy,765,0.47168596757592585
Hea_02,Healthy,770,0.4695869272897479
Hea_02,Healthy,775,0.4727332316880037
Hea_02,Healthy,780,0.4787542812557209
Hea_02,Healthy,785,0.48754317030830735
Hea_02,Healthy,790,0.4829962065696084
Hea_02,Healthy,795,0.48066903005530737
Hea_02,Healthy,800,0.4908427622315778
Hea_02,Healthy,805,0.4875640473789101
Hea_02,Healthy,810,0.49478323881853425
Hea_02,Healthy,815,0.48709135825632993
Hea_02,Healthy,820,0.47895531077986375
Hea_02,Healthy,825,0.47832037529613064
Hea_02,Healthy,830,0.4966012741686818
Hea_02,Healthy,835,0.4971595040778926
Hea_02,Healthy,840,0.48582955035161857
Hea_02,Healthy,845,0.48467279244566525
Hea_02,Healthy,850,0.4957883328550252
Hea_02,Healthy,855,0.4804123347572973
Hea_02,Healthy,860,0.48171181418136977
Hea_02,Healthy,865,0.49095884448864124
Hea_02,Healthy,870,0.4847449406359929
Hea_02,Healthy,875,0.4870918548129381
Hea_02,Healthy,880,0.4861492557781325
Hea_02,Healthy,885,0.4891607212785251
Hea_02,Healthy,890,0.4955840872934638
Hea_02,Healthy,895,0.48768557511009925
Hea_02,Healthy,900,0.4910077978546445
Hea_03,Healthy,400,0.033353389784418555
Hea_03,Healthy,405,0.028615901938014224
Hea_03,Healthy,410,0.02640853253188369
Hea_03,Healthy,415,0.02852315539509651
Hea_03,Healthy,420,0.03189365257744807
Hea_03,Healthy,425,0.03955095561563364
Hea_03,Healthy,430,0.026325295059820196
Hea_03,Healthy,435,0.03479259747819678
Hea_03,Healthy,440,0.0321588687512451
Hea_03,Healthy,445,0.033723089825705474
Hea_03,Healthy,450,0.042548823561796484
Hea_03,Healthy,455,0.040876690730198284
Hea_03,Healthy,460,0.047120810111605835
Hea_03,Healthy,465,0.04001353608304654
Hea_03,Healthy,470,0.03906692571971694
Hea_03,Healthy,475,0.04471555616771363
Hea_03,Healthy,480,0.05088825152162999
Hea_03,Healthy,485,0.05445132806951044
Hea_03,Healthy,490,0.051428236046738955
Hea_03,Healthy,495,0.06357226088049996
Hea_03,Healthy,500,0.06997659413296094
Hea_03,Healthy,505,0.08966448499747201
Hea_03,Healthy,510,0.09199958414178949
Hea_03,Healthy,515,0.08184071253156881
Hea_03,Healthy,520,0.09128854185608137
Hea_03,Healthy,525,0.08988705339882905
Hea_03,Healthy,530,0.10014850281136091
Hea_03,Healthy,535,0.10976193733738503
Hea_03,Healthy,540,0.11823807507365082
Hea_03,Healthy,545,0.10857351019016058
Hea_03,Healthy,550,0.10968443641237549
Hea_03,Healthy,555,0.1000710697675354
Hea_03,Healthy,560,0.11004120582421735
Hea_03,Healthy,565,0.10151692138180596
Hea_03,Healthy,570,0.10055031107227873
Hea_03,Healthy,575,0.09345513654262666
Hea_03,Healthy,580,0.09251481582814831
Hea_03,Healthy,585,0.07650633655569605
Hea_03,Healthy,590,0.07206126910747918
Hea_03,Healthy,595,0.08750103364206845
Hea_03,Healthy,600,0.061096881901239346
Hea_03,Healthy,605,0.0567130775983724
Hea_03,Healthy,610,0.06925876746444916
Hea_03,Healthy,615,0.07112255655415939
Hea_03,Healthy,620,0.042610452294829154
Hea_03,Healthy,625,0.04379266940634004
Hea_03,Healthy,630,0.04469684944585303
Hea_03,Healthy,635,0.049782108966887485
Hea_03,Healthy,640,0.030204628801164184
Hea_03,Healthy,645,0.031218431786670598
Hea_03,Healthy,650,0.03379042735961987
Hea_03,Healthy,655,0.028262958973695233
Hea_03,Healthy,660,0.02047566704083282
Hea_03,Healthy,665,0.02025112068015813
Hea_03,Healthy,670,0.013233494796626735
Hea_03,Healthy,675,0.023512404007471753
Hea_03,Healthy,680,0.030677664325527865
Hea_03,Healthy,685,0.04553052392070957
Hea_03,Healthy,690,0.05757433548572685
Hea_03,Healthy,695,0.08549329665685113
Hea_03,Healthy,700,0.11526874168409812
Hea_03,Healthy,705,0.14090078917742735
Hea_03,Healthy,710,0.17625413497559564
Hea_03,Healthy,715,0.21085631589576437
Hea_03,Healthy,720,0.2476893384676291
Hea_03,Healthy,725,0.2796814713492706
Hea_03,Healthy,730,0.31991933519536925
Hea_03,Healthy,735,0.3479830283592514
Hea_03,Healthy,740,0.3875290497347929
Hea_03,Healthy,745,0.40647211175911424
Hea_03,Healthy,750,0.4172583730999767
Hea_03,Healthy,755,0.4245661941049697
Hea_03,Healthy,760,0.43351803287745055
Hea_03,Healthy,765,0.4558070127162397
Hea_03,Healthy,770,0.45665220791943334
Hea_03,Healthy,775,0.46277465702525594
Hea_03,Healthy,780,0.4530205434565038
Hea_03,Healthy,785,0.47172052570765877
Hea_03,Healthy,790,0.4708551685509547
Hea_03,Healthy,795,0.4629207442940662
Hea_03,Healthy,800,0.467824616086762
Hea_03,Healthy,805,0.47302254693452284
Hea_03,Healthy,810,0.472332238616939
Hea_03,Healthy,815,0.47068765947842045
Hea_03,Healthy,820,0.47212993032203426
Hea_03,Healthy,825,0.47146620118260657
Hea_03,Healthy,830,0.4740598166081524
Hea_03,Healthy,835,0.48209519655139504
Hea_03,Healthy,840,0.45795544994596965
Hea_03,Healthy,845,0.4719995497456663
Hea_03,Healthy,850,0.47452747659004996
Hea_03,Healthy,855,0.47527930774792404
Hea_03,Healthy,860,0.4712974237674203
Hea_03,Healthy,865,0.46300728798587876
Hea_03,Healthy,870,0.47552927923567834
Hea_03,Healthy,875,0.4839354222584869
Hea_03,Healthy,880,0.464375479700026
Hea_03,Healthy,885,0.47876697702816395
Hea_03,Healthy,890,0.47161677974708743
Hea_03,Healthy,895,0.47322285455395896
Hea_03,Healthy,900,0.4672755089910029
Hea_04,Healthy,400,0.05517169519359418
Hea_04,Healthy,405,0.05089694244109886
Hea_04,Healthy,410,0.057841007956286286
Hea_04,Healthy,415,0.05458226835993634
Hea_04,Healthy,420,0.05025864072463157
Hea_04,Healthy,425,0.058244874947905485
Hea_04,Healthy,430,0.05064333774808854
Hea_04,Healthy,435,0.0533024650128138
Hea_04,Healthy,440,0.04701018705943949
Hea_04,Healthy,445,0.04981413071643363
Hea_04,Healthy,450,0.04607346109956837
Hea_04,Healthy,455,0.05731122914514501
Hea_04,Healthy,460,0.04575232715766135
Hea_04,Healthy,465,0.05936039964245308
Hea_04,Healthy,470,0.05582440247411137
Hea_04,Healthy,475,0.06681191905920171
Hea_04,Healthy,480,0.0676642121357914
Hea_04,Healthy,485,0.07804149229407015
Hea_04,Healthy,490,0.07604494005637219
Hea_04,Healthy,495,0.06732280808621442
Hea_04,Healthy,500,0.08193123254413945
Hea_04,Healthy,505,0.08125332504610076
Hea_04,Healthy,510,0.09135456484930297
Hea_04,Healthy,515,0.10975327066398323
Hea_04,Healthy,520,0.11056377232016379
Hea_04,Healthy,525,0.10819985026777974
Hea_04,Healthy,530,0.1113361681259006
Hea_04,Healthy,535,0.12179072730250172
Hea_04,Healthy,540,0.11742931988143582
Hea_04,Healthy,545,0.12264689898164392
Hea_04,Healthy,550,0.1292070993114909
Hea_04,Healthy,555,0.13361240359200868
Hea_04,Healthy,560,0.1283954976102346
Hea_04,Healthy,565,0.1078693982307759
Hea_04,Healthy,570,0.1192788754400579
Hea_04,Healthy,575,0.11287423008042882
Hea_04,Healthy,580,0.10928946029530098
Hea_04,Healthy,585,0.11047569242314427
Hea_04,Healthy,590,0.08220983834839782
Hea_04,Healthy,595,0.08490465784815321
Hea_04,Healthy,600,0.08609258275504483
Hea_04,Healthy,605,0.06752995210177774
Hea_04,Healthy,610,0.0808187080122435
Hea_04,Healthy,615,0.06962802064432207
Hea_04,Healthy,620,0.0684450834122428
Hea_04,Healthy,625,0.05630222860733863
Hea_04,Healthy,630,0.0612558257094084
Hea_04,Healthy,635,0.05954647986578933
Hea_04,Healthy,640,0.05124876682195779
Hea_04,Healthy,645,0.047822231647916595
Hea_04,Healthy,650,0.04447418876834093
Hea_04,Healthy,655,0.0342000183678604
Hea_04,Healthy,660,0.035573158816172464
Hea_04,Healthy,665,0.03386465070194139
Hea_04,Healthy,670,0.037508960262368767
Hea_04,Healthy,675,0.04466611938218268
Hea_04,Healthy,680,0.03965050020311231
Hea_04,Healthy,685,0.057113177830435735
Hea_04,Healthy,690,0.08352075951399596
Hea_04,Healthy,695,0.09192826357810606
Hea_04,Healthy,700,0.1179846741028384
Hea_04,Healthy,705,0.1549077777918049
Hea_04,Healthy,710,0.19293563509751352
Hea_04,Healthy,715,0.22433166757306228
Hea_04,Healthy,720,0.2693883230811037
Hea_04,Healthy,725,0.302877310875328
Hea_04,Healthy,730,0.33679701745607094
Hea_04,Healthy,735,0.365617174387078
Hea_04,Healthy,740,0.40266168591268703
Hea_04,Healthy,745,0.40952673964046765
Hea_04,Healthy,750,0.4166478874616397
Hea_04,Healthy,755,0.4524957909616423
Hea_04,Healthy,760,0.45117203255301125
Hea_04,Healthy,765,0.46303316509316583
Hea_04,Healthy,770,0.47665874410711484
Hea_04,Healthy,775,0.46400596678795386
Hea_04,Healthy,780,0.4697039035231132
Hea_04,Healthy,785,0.47027395462499766
Hea_04,Healthy,790,0.47708955621091714
Hea_04,Healthy,795,0.48594687546605614
Hea_04,Healthy,800,0.4875246194177395
Hea_04,Healthy,805,0.4868236162137562
Hea_04,Healthy,810,0.4772665699528485
Hea_04,Healthy,815,0.47230579340284706
Hea_04,Healthy,820,0.4868027088721735
Hea_04,Healthy,825,0.483873136679419
Hea_04,Healthy,830,0.4896264835952384
Hea_04,Healthy,835,0.4912036939001649
Hea_04,Healthy,840,0.48791057661331066
Hea_04,Healthy,845,0.4917071772743807
Hea_04,Healthy,850,0.48856939773590685
Hea_04,Healthy,855,0.4904094594728114
Hea_04,Healthy,860,0.4830265991075299
Hea_04,Healthy,865,0.48619567762716265
Hea_04,Healthy,870,0.48846769034273657
Hea_04,Healthy,875,0.49222021925540743
Hea_04,Healthy,880,0.48494192852557655
Hea_04,Healthy,885,0.4904367399097686
Hea_04,Healthy,890,0.4857186257637337
Hea_04,Healthy,895,0.4866112750543644
Hea_04,Healthy,900,0.49229574173677215
Hea_05,Healthy,400,0.026323760067365632
Hea_05,Healthy,405,0.02523906501492946
Hea_05,Healthy,410,0.02017660801515056
Hea_05,Healthy,415,0.030179376795552885
Hea_05,Healthy,420,0.03885189045983432
Hea_05,Healthy,425,0.03280312980301705
Hea_05,Healthy,430,0.035927285697723625
Hea_05,Healthy,435,0.04160100734270997
Hea_05,Healthy,440,0.04348689598466765
Hea_05,Healthy,445,0.035731194623335336
Hea_05,Healthy,450,0.04511068578720018
Hea_05,Healthy,455,0.03865765189859432
Hea_05,Healthy,460,0.034528925963799535
Hea_05,Healthy,465,0.037831061885168465
Hea_05,Healthy,470,0.03481625615416599
Hea_05,Healthy,475,0.04118679978640965
Hea_05,Healthy,480,0.04774206448537102
Hea_05,Healthy,485,0.05867029187487472
Hea_05,Healthy,490,0.06871607730694998
Hea_05,Healthy,495,0.05519312693828539
Hea_05,Healthy,500,0.07142108280150194
Hea_05,Healthy,505,0.06877327097713822
Hea_05,Healthy,510,0.08404359284469361
Hea_05,Healthy,515,0.08663054657061031
Hea_05,Healthy,520,0.0824843009101062
Hea_05,Healthy,525,0.1046943811990769
Hea_05,Healthy,530,0.10051963445810437
Hea_05,Healthy,535,0.1051217997254166
Hea_05,Healthy,540,0.10504133272039821
Hea_05,Healthy,545,0.10947920739631184
Hea_05,Healthy,550,0.11663355153676672
Hea_05,Healthy,555,0.11227623174016384
Hea_05,Healthy,560,0.11344606720099662
Hea_05,Healthy,565,0.11051983281635133
Hea_05,Healthy,570,0.11210781140945911
Hea_05,Healthy,575,0.09711647814626084
Hea_05,Healthy,580,0.0846761380924042
Hea_05,Healthy,585,0.09391293524308268
Hea_05,Healthy,590,0.07933150538705651
Hea_05,Healthy,595,0.08186999947717787
Hea_05,Healthy,600,0.07157857390779329
Hea_05,Healthy,605,0.0629638597276951
Hea_05,Healthy,610,0.06078683549861398
Hea_05,Healthy,615,0.06585512273928967
Hea_05,Healthy,620,0.06255862908191866
Hea_05,Healthy,625,0.04687534379767983
Hea_05,Healthy,630,0.04406555353992735
Hea_05,Healthy,635,0.04632425788506717
Hea_05,Healthy,640,0.031508698914944455
Hea_05,Healthy,645,0.035145414937847716
Hea_05,Healthy,650,0.029428118655341205
Hea_05,Healthy,655,0.027994705635455773
Hea_05,Healthy,660,0.018189284472331917
Hea_05,Healthy,665,0.011973547347215494
Hea_05,Healthy,670,0.01
Hea_05,Healthy,675,0.01869403563319703
Hea_05,Healthy,680,0.02998083139576053
Hea_05,Healthy,685,0.0428352489028744
Hea_05,Healthy,690,0.07298657961303298
Hea_05,Healthy,695,0.089756919580839
Hea_05,Healthy,700,0.10387679391894433
Hea_05,Healthy,705,0.14251135776593726
Hea_05,Healthy,710,0.1721580209469134
Hea_05,Healthy,715,0.2092880946218715
Hea_05,Healthy,720,0.24925767984538785
Hea_05,Healthy,725,0.28818274009219497
Hea_05,Healthy,730,0.3164417125618402
Hea_05,Healthy,735,0.35540675098595337
Hea_05,Healthy,740,0.36857530436416985
Hea_05,Healthy,745,0.3975269105582513
Hea_05,Healthy,750,0.4309862299840276
Hea_05,Healthy,755,0.4309399096587048
Hea_05,Healthy,760,0.44924868258880296
Hea_05,Healthy,765,0.44966616990656066
Hea_05,Healthy,770,0.4590172689803442
Hea_05,Healthy,775,0.460009991278365
Hea_05,Healthy,780,0.4629225077311786
Hea_05,Healthy,785,0.46193589427777204
Hea_05,Healthy,790,0.47116734851522873
Hea_05,Healthy,795,0.4649309991052534
Hea_05,Healthy,800,0.4751041701891572
Hea_05,Healthy,805,0.47840885957487406
Hea_05,Healthy,810,0.4746735201100398
Hea_05,Healthy,815,0.4711800880317225
Hea_05,Healthy,820,0.4759315472460971
Hea_05,Healthy,825,0.47158292095838433
Hea_05,Healthy,830,0.47921461812814337
Hea_05,Healthy,835,0.46273470204796024
Hea_05,Healthy,840,0.4717986502226605
Hea_05,Healthy,845,0.4619326732017953
Hea_05,Healthy,850,0.46495493092026696
Hea_05,Healthy,855,0.48214341102849984
Hea_05,Healthy,860,0.479356914986993
Hea_05,Healthy,865,0.4696876311208564
Hea_05,Healthy,870,0.4650031794369632
Hea_05,Healthy,875,0.4562410417862668
Hea_05,Healthy,880,0.4707745689217419
Hea_05,Healthy,885,0.48856339285927414
Hea_05,Healthy,890,0.4766541305544216
Hea_05,Healthy,895,0.47069026075245
Hea_05,Healthy,900,0.4768402751520433
Hea_06,Healthy,400,0.03577547000410609
Hea_06,Healthy,405,0.038185858382158516
Hea_06,Healthy,410,0.0371185169677918
Hea_06,Healthy,415,0.042450616311102134
Hea_06,Healthy,420,0.0398799745633619
Hea_06,Healthy,425,0.04197920645443818
Hea_06,Healthy,430,0.03406712765716566
Hea_06,Healthy,435,0.0439094109573862
Hea_06,Healthy,440,0.048751217021283155
Hea_06,Healthy,445,0.0337819412582614
Hea_06,Healthy,450,0.03511981265997414
Hea_06,Healthy,455,0.04957641411038876
Hea_06,Healthy,460,0.04186206753107165
Hea_06,Healthy,465,0.05327720849523792
Hea_06,Healthy,470,0.04450107710268069
Hea_06,Healthy,475,0.058702692510913534
Hea_06,Healthy,480,0.05413589565912801
Hea_06,Healthy,485,0.05885497084301698
Hea_06,Healthy,490,0.07123658259445122
Hea_06,Healthy,495,0.06477240931036031
Hea_06,Healthy,500,0.06687420156087039
Hea_06,Healthy,505,0.075781965508391
Hea_06,Healthy,510,0.08736623016225094
Hea_06,Healthy,515,0.0814793281861313
Hea_06,Healthy,520,0.10075137742557581
Hea_06,Healthy,525,0.09934878748843724
Hea_06,Healthy,530,0.11449333084383584
Hea_06,Healthy,535,0.0974164554707328
Hea_06,Healthy,540,0.11019726868198905
Hea_06,Healthy,545,0.10674291429351027
Hea_06,Healthy,550,0.1125656482388912
Hea_06,Healthy,555,0.11835450933691363
Hea_06,Healthy,560,0.11385555157908092
Hea_06,Healthy,565,0.11028485242356789
Hea_06,Healthy,570,0.10668554839248745
Hea_06,Healthy,575,0.10385034063964449
Hea_06,Healthy,580,0.09094288488629765
Hea_06,Healthy,585,0.0952075147335228
Hea_06,Healthy,590,0.08875324638643066
Hea_06,Healthy,595,0.08094948858012792
Hea_06,Healthy,600,0.07607432802968377
Hea_06,Healthy,605,0.06898600905824483
Hea_06,Healthy,610,0.07436143609520031
Hea_06,Healthy,615,0.05708329849669452
Hea_06,Healthy,620,0.051711062742066376
Hea_06,Healthy,625,0.04539470764921659
Hea_06,Healthy,630,0.04036765010103559
Hea_06,Healthy,635,0.035856802359140114
Hea_06,Healthy,640,0.034706697376640734
Hea_06,Healthy,645,0.03617972655670346
Hea_06,Healthy,650,0.03504588265852833
Hea_06,Healthy,655,0.029874924862501127
Hea_06,Healthy,660,0.022053101787927774
Hea_06,Healthy,665,0.03036887583566679
Hea_06,Healthy,670,0.029833055664944947
Hea_06,Healthy,675,0.02789726661108028
Hea_06,Healthy,680,0.03227220238188596
Hea_06,Healthy,685,0.05134178209222347
Hea_06,Healthy,690,0.06594785030785022
Hea_06,Healthy,695,0.07788901194938264
Hea_06,Healthy,700,0.11269827522556537
Hea_06,Healthy,705,0.1454541380681555
Hea_06,Healthy,710,0.17265913779056655
Hea_06,Healthy,715,0.21559015415161445
Hea_06,Healthy,720,0.24287360718182655
Hea_06,Healthy,725,0.2959416461348934
Hea_06,Healthy,730,0.32942177951997864
Hea_06,Healthy,735,0.35096535392820716
Hea_06,Healthy,740,0.38106447589253645
Hea_06,Healthy,745,0.3864861605337562
Hea_06,Healthy,750,0.4119189178073383
Hea_06,Healthy,755,0.4312955738265181
Hea_06,Healthy,760,0.4376734135650825
Hea_06,Healthy,765,0.45686024387778307
Hea_06,Healthy,770,0.4709732017373311
Hea_06,Healthy,775,0.45674781827262306
Hea_06,Healthy,780,0.4623769889381304
Hea_06,Healthy,785,0.47148229501246186
Hea_06,Healthy,790,0.4817090533969589
Hea_06,Healthy,795,0.4661627925096063
Hea_06,Healthy,800,0.476061691649596
Hea_06,Healthy,805,0.486281746797555
Hea_06,Healthy,810,0.4660205929220186
Hea_06,Healthy,815,0.4686679813364594
Hea_06,Healthy,820,0.47412293027595764
Hea_06,Healthy,825,0.47376824495900804
Hea_06,Healthy,830,0.48193375924635207
Hea_06,Healthy,835,0.47862991301665375
Hea_06,Healthy,840,0.46661933821799734
Hea_06,Healthy,845,0.4804268237344219
Hea_06,Healthy,850,0.473916878721974
Hea_06,Healthy,855,0.4850637370957415
Hea_06,Healthy,860,0.47367709602101915
Hea_06,Healthy,865,0.47364163696642947
Hea_06,Healthy,870,0.48072180598251346
Hea_06,Healthy,875,0.48206258985181605
Hea_06,Healthy,880,0.4801809542974327
Hea_06,Healthy,885,0.4673841350259586
Hea_06,Healthy,890,0.48072984770968696
Hea_06,Healthy,895,0.4712986623031783
Hea_06,Healthy,900,0.4789182667090488
Hea_07,Healthy,400,0.04133513440631335
Hea_07,Healthy,405,0.03384719145898291
Hea_07,Healthy,410,0.031037104317918028
Hea_07,Healthy,415,0.04308649174061911
Hea_07,Healthy,420,0.04035976167676915
Hea_07,Healthy,425,0.03538318087819588
Hea_07,Healthy,430,0.04800222578543966
Hea_07,Healthy,435,0.03697639531826752
Hea_07,Healthy,440,0.040268032720127876
Hea_07,Healthy,445,0.04231411040300454
Hea_07,Healthy,450,0.03782578233025288
Hea_07,Healthy,455,0.045486317193630006
Hea_07,Healthy,460,0.04090720870901673
Hea_07,Healthy,465,0.04348224155030439
Hea_07,Healthy,470,0.0564299385536169
Hea_07,Healthy,475,0.044826694078977734
Hea_07,Healthy,480,0.039968090113481416
Hea_07,Healthy,485,0.06806901121391525
Hea_07,Healthy,490,0.07824203352083686
Hea_07,Healthy,495,0.06560920792309241
Hea_07,Healthy,500,0.06199769723346208
Hea_07,Healthy,505,0.07770823824014852
Hea_07,Healthy,510,0.08403268010011114
Hea_07,Healthy,515,0.09083213091384389
Hea_07,Healthy,520,0.09134401509890105
Hea_07,Healthy,525,0.10715657358976562
Hea_07,Healthy,530,0.11185129047191403
Hea_07,Healthy,535,0.10391337492198285
Hea_07,Healthy,540,0.12020963506354646
Hea_07,Healthy,545,0.13027562443335328
Hea_07,Healthy,550,0.11965257837246034
Hea_07,Healthy,555,0.115942354298612
Hea_07,Healthy,560,0.11517668338609738
Hea_07,Healthy,565,0.11659444977983041
Hea_07,Healthy,570,0.09835441932848756
Hea_07,Healthy,575,0.10471414675455169
Hea_07,Healthy,580,0.0957491087819425
Hea_07,Healthy,585,0.10315115830662783
Hea_07,Healthy,590,0.08483000550205107
Hea_07,Healthy,595,0.08974437796167149
Hea_07,Healthy,600,0.0672104745272472
Hea_07,Healthy,605,0.07182884739497268
Hea_07,Healthy,610,0.06516518920232435
Hea_07,Healthy,615,0.05348937137658395
Hea_07,Healthy,620,0.05571573008065855
Hea_07,Healthy,625,0.05828877749311353
Hea_07,Healthy,630,0.04571626723954607
Hea_07,Healthy,635,0.03426964853049105
Hea_07,Healthy,640,0.041031895637924636
Hea_07,Healthy,645,0.03228706161862388
Hea_07,Healthy,650,0.03208385759632181
Hea_07,Healthy,655,0.030176337233840493
Hea_07,Healthy,660,0.01751019149717601
Hea_07,Healthy,665,0.016371609756386005
Hea_07,Healthy,670,0.029386771985055477
Hea_07,Healthy,675,0.026816635619357362
Hea_07,Healthy,680,0.021899024539713895
Hea_07,Healthy,685,0.053858070127656546
Hea_07,Healthy,690,0.06755201865534209
Hea_07,Healthy,695,0.08339231790241708
Hea_07,Healthy,700,0.10630296683588542
Hea_07,Healthy,705,0.14999456191435828
Hea_07,Healthy,710,0.1812512015856187
Hea_07,Healthy,715,0.2298444988314573
Hea_07,Healthy,720,0.25522146502648596
Hea_07,Healthy,725,0.2913485397231555
Hea_07,Healthy,730,0.3220303033697337
Hea_07,Healthy,735,0.35847890447799274
Hea_07,Healthy,740,0.38373205241375397
Hea_07,Healthy,745,0.40955383372070964
Hea_07,Healthy,750,0.41682685759786964
Hea_07,Healthy,755,0.4315435938505302
Hea_07,Healthy,760,0.44232938400893484
Hea_07,Healthy,765,0.4584164666498361
Hea_07,Healthy,770,0.46907746053538657
Hea_07,Healthy,775,0.46215225497106616
Hea_07,Healthy,780,0.46595091833664604
Hea_07,Healthy,785,0.4730518594865841
Hea_07,Healthy,790,0.4716655788466468
Hea_07,Healthy,795,0.4803071516444481
Hea_07,Healthy,800,0.4621546025128031
Hea_07,Healthy,805,0.471491514751938
Hea_07,Healthy,810,0.47233444114808854
Hea_07,Healthy,815,0.4635300518439806
Hea_07,Healthy,820,0.47198053058927286
Hea_07,Healthy,825,0.472498630081828
Hea_07,Healthy,830,0.4769493149334803
Hea_07,Healthy,835,0.48495554138845337
Hea_07,Healthy,840,0.4768965380094689
Hea_07,Healthy,845,0.47224727033615316
Hea_07,Healthy,850,0.4781381761395898
Hea_07,Healthy,855,0.48480988686350523
Hea_07,Healthy,860,0.47268465968371426
Hea_07,Healthy,865,0.4730956707022772
Hea_07,Healthy,870,0.4819241014140947
Hea_07,Healthy,875,0.4772536056041727
Hea_07,Healthy,880,0.48247505759883536
Hea_07,Healthy,885,0.4785136295202587
Hea_07,Healthy,890,0.48280941429941787
Hea_07,Healthy,895,0.4723918332697439
Hea_07,Healthy,900,0.47853189347555264
Hea_08,Healthy,400,0.041066211344717406
Hea_08,Healthy,405,0.03901027256590225
Hea_08,Healthy,410,0.052551761799416355
Hea_08,Healthy,415,0.04640221199670407
Hea_08,Healthy,420,0.04248056822511189
Hea_08,Healthy,425,0.0481943234333005
Hea_08,Healthy,430,0.05576762120369632
Hea_08,Healthy,435,0.03564023814374166
Hea_08,Healthy,440,0.04079990990516953
Hea_08,Healthy,445,0.044867666433848555
Hea_08,Healthy,450,0.06001520650363376
Hea_08,Healthy,455,0.054059376699033435
Hea_08,Healthy,460,0.05841618160305966
Hea_08,Healthy,465,0.04881546133713148
Hea_08,Healthy,470,0.051241222831460924
Hea_08,Healthy,475,0.06346144806267581
Hea_08,Healthy,480,0.06449877345295828
Hea_08,Healthy,485,0.07140017752531587
Hea_08,Healthy,490,0.07152439522791137
Hea_08,Healthy,495,0.0794140412428034
Hea_08,Healthy,500,0.08427179535490108
Hea_08,Healthy,505,0.09394210180012097
Hea_08,Healthy,510,0.10029642285910921
Hea_08,Healthy,515,0.09195679736191405
Hea_08,Healthy,520,0.09424508738667424
Hea_08,Healthy,525,0.11939403448910303
Hea_08,Healthy,530,0.12553495214805638
Hea_08,Healthy,535,0.1164604258921059
Hea_08,Healthy,540,0.11455979760239059
Hea_08,Healthy,545,0.12825807883600837
Hea_08,Healthy,550,0.13391020110422838
Hea_08,Healthy,555,0.13845622777391614
Hea_08,Healthy,560,0.12883084347343846
Hea_08,Healthy,565,0.1203769643667921
Hea_08,Healthy,570,0.11308402060030892
Hea_08,Healthy,575,0.11350086565499905
Hea_08,Healthy,580,0.10600065962369505
Hea_08,Healthy,585,0.0956781561628059
Hea_08,Healthy,590,0.10787193117834776
Hea_08,Healthy,595,0.10015241807567439
Hea_08,Healthy,600,0.09035356618355904
Hea_08,Healthy,605,0.0724845453755884
Hea_08,Healthy,610,0.07808325893364788
Hea_08,Healthy,615,0.0722457686890473
Hea_08,Healthy,620,0.06701098250634845
Hea_08,Healthy,625,0.06821601144267381
Hea_08,Healthy,630,0.06117559969072056
Hea_08,Healthy,635,0.05856586521162287
Hea_08,Healthy,640,0.05466306566530979
Hea_08,Healthy,645,0.04945070400367881
Hea_08,Healthy,650,0.03314059181830723
Hea_08,Healthy,655,0.04087194568470179
Hea_08,Healthy,660,0.03411130840846159
Hea_08,Healthy,665,0.028090869414757177
Hea_08,Healthy,670,0.046289626055994494
Hea_08,Healthy,675,0.05003127520997689
Hea_08,Healthy,680,0.05514716956069819
Hea_08,Healthy,685,0.060384641777430206
Hea_08,Healthy,690,0.08372590621769982
Hea_08,Healthy,695,0.09745224129853416
Hea_08,Healthy,700,0.12512508713190876
Hea_08,Healthy,705,0.1481232416819876
Hea_08,Healthy,710,0.1912414010455364
Hea_08,Healthy,715,0.2256155560741866
Hea_08,Healthy,720,0.2545887761014168
Hea_08,Healthy,725,0.29841949357297104
Hea_08,Healthy,730,0.3322578489355315
Hea_08,Healthy,735,0.37406797164294303
Hea_08,Healthy,740,0.3950511765456327
Hea_08,Healthy,745,0.4118165116721545
Hea_08,Healthy,750,0.4311518743367871
Hea_08,Healthy,755,0.4441256683251064
Hea_08,Healthy,760,0.45369087449392065
Hea_08,Healthy,765,0.4568814485067197
Hea_08,Healthy,770,0.46888525799625186
Hea_08,Healthy,775,0.4701330637583341
Hea_08,Healthy,780,0.47070202283815293
Hea_08,Healthy,785,0.4839390823989378
Hea_08,Healthy,790,0.4851920911746108
Hea_08,Healthy,795,0.4735789400256875
Hea_08,Healthy,800,0.4846335137998339
Hea_08,Healthy,805,0.49213030871712615
Hea_08,Healthy,810,0.4930886369535224
Hea_08,Healthy,815,0.4933115643438961
Hea_08,Healthy,820,0.4877001958651817
Hea_08,Healthy,825,0.4826236501773759
Hea_08,Healthy,830,0.4813581052647321
Hea_08,Healthy,835,0.49004973083528114
Hea_08,Healthy,840,0.4903469374910913
Hea_08,Healthy,845,0.4958604946956977
Hea_08,Healthy,850,0.4947841366572107
Hea_08,Healthy,855,0.48742582856395733
Hea_08,Healthy,860,0.4807795326755257
Hea_08,Healthy,865,0.48634883579202776
Hea_08,Healthy,870,0.4895805501955997
Hea_08,Healthy,875,0.4870746781945083
Hea_08,Healthy,880,0.4848271401743998
Hea_08,Healthy,885,0.4898171745291371
Hea_08,Healthy,890,0.48528004133070407
Hea_08,Healthy,895,0.48453826081992274
Hea_08,Healthy,900,0.49017747375439014
Hea_09,Healthy,400,0.048295762697083924
Hea_09,Healthy,405,0.048499943864098734
Hea_09,Healthy,410,0.040070273055090554
Hea_09,Healthy,415,0.04409005902069108
Hea_09,Healthy,420,0.05571049102836626
Hea_09,Healthy,425,0.040268499452306386
Hea_09,Healthy,430,0.034769160839648934
Hea_09,Healthy,435,0.03662317377038975
Hea_09,Healthy,440,0.04842398119792113
Hea_09,Healthy,445,0.04906006822728798
Hea_09,Healthy,450,0.04901204764463268
Hea_09,Healthy,455,0.05811857324896028
Hea_09,Healthy,460,0.03624485103554629
Hea_09,Healthy,465,0.05650160957234543
Hea_09,Healthy,470,0.06579664676777713
Hea_09,Healthy,475,0.05247746064686089
Hea_09,Healthy,480,0.06033986787047783
Hea_09,Healthy,485,0.06205997258263099
Hea_09,Healthy,490,0.06575392437088852
Hea_09,Healthy,495,0.07425718632780899
Hea_09,Healthy,500,0.09035757202144906
Hea_09,Healthy,505,0.09876939699240815
Hea_09,Healthy,510,0.09190831729107311
Hea_09,Healthy,515,0.11157597008652309
Hea_09,Healthy,520,0.10641173705449873
Hea_09,Healthy,525,0.12237528773727208
Hea_09,Healthy,530,0.1163183891644354
Hea_09,Healthy,535,0.1218400904393344
Hea_09,Healthy,540,0.12638123635139298
Hea_09,Healthy,545,0.14520657146004198
Hea_09,Healthy,550,0.13190246466906555
Hea_09,Healthy,555,0.12189665293347308
Hea_09,Healthy,560,0.1300166247363565
Hea_09,Healthy,565,0.11890584879767183
Hea_09,Healthy,570,0.11397388270628245
Hea_09,Healthy,575,0.11735334553819939
Hea_09,Healthy,580,0.10645234084750511
Hea_09,Healthy,585,0.10190959855812122
Hea_09,Healthy,590,0.0941328880782314
Hea_09,Healthy,595,0.08993048589674582
Hea_09,Healthy,600,0.08455664894071498
Hea_09,Healthy,605,0.06485742564008228
Hea_09,Healthy,610,0.07542215847339301
Hea_09,Healthy,615,0.060985473186949676
Hea_09,Healthy,620,0.054171493421639266
Hea_09,Healthy,625,0.058837131851130674
Hea_09,Healthy,630,0.05633683832731124
Hea_09,Healthy,635,0.04843432228023479
Hea_09,Healthy,640,0.054297398584956
Hea_09,Healthy,645,0.03782248403131236
Hea_09,Healthy,650,0.0398701755778286
Hea_09,Healthy,655,0.03533055388451206
Hea_09,Healthy,660,0.03563851601339192
Hea_09,Healthy,665,0.03591268034235235
Hea_09,Healthy,670,0.028620948116319902
Hea_09,Healthy,675,0.04247257870327166
Hea_09,Healthy,680,0.04583943964280434
Hea_09,Healthy,685,0.045971263230295115
Hea_09,Healthy,690,0.062340186323473296
Hea_09,Healthy,695,0.09577558593121895
Hea_09,Healthy,700,0.12105207903767556
Hea_09,Healthy,705,0.1525331286971833
Hea_09,Healthy,710,0.18716113795323366
Hea_09,Healthy,715,0.22507617901457277
Hea_09,Healthy,720,0.26656016593538495
Hea_09,Healthy,725,0.2905296263122369
Hea_09,Healthy,730,0.32417397623513916
Hea_09,Healthy,735,0.35519224096962254
Hea_09,Healthy,740,0.38988897605143613
Hea_09,Healthy,745,0.41768710278335597
Hea_09,Healthy,750,0.4255406933224151
Hea_09,Healthy,755,0.4273197744653949
Hea_09,Healthy,760,0.4431539807009033
Hea_09,Healthy,765,0.45684737082814497
Hea_09,Healthy,770,0.46491477541079373
Hea_09,Healthy,775,0.4706289010085924
Hea_09,Healthy,780,0.4769049822834489
Hea_09,Healthy,785,0.4774708530005895
Hea_09,Healthy,790,0.48761012035214346
Hea_09,Healthy,795,0.47871266073367935
Hea_09,Healthy,800,0.47866529334182295
Hea_09,Healthy,805,0.487498933106721
Hea_09,Healthy,810,0.4759890215744594
Hea_09,Healthy,815,0.4879642729923763
Hea_09,Healthy,820,0.4865516152000022
Hea_09,Healthy,825,0.4852788466795534
Hea_09,Healthy,830,0.49585953434564767
Hea_09,Healthy,835,0.4827184362088823
Hea_09,Healthy,840,0.49890262578191646
Hea_09,Healthy,845,0.48525349880457036
Hea_09,Healthy,850,0.47899173955920843
Hea_09,Healthy,855,0.48710829746298495
Hea_09,Healthy,860,0.48025687622064994
Hea_09,Healthy,865,0.48222251976108377
Hea_09,Healthy,870,0.48912894230070114
Hea_09,Healthy,875,0.49009024967261705
Hea_09,Healthy,880,0.4830310780952118
Hea_09,Healthy,885,0.4926938759834677
Hea_09,Healthy,890,0.4937184138011661
Hea_09,Healthy,895,0.49539404733552633
Hea_09,Healthy,900,0.4899548166651954
Hea_10,Healthy,400,0.04966971613308868
Hea_10,Healthy,405,0.05907665077293444
Hea_10,Healthy,410,0.05582818586141867
Hea_10,Healthy,415,0.06181623126836713
Hea_10,Healthy,420,0.057778504411406285
Hea_10,Healthy,425,0.060367399814732936
Hea_10,Healthy,430,0.07288550715241564
Hea_10,Healthy,435,0.06089929624904177
Hea_10,Healthy,440,0.06485544575932162
Hea_10,Healthy,445,0.061604318917265595
Hea_10,Healthy,450,0.06429536284264364
Hea_10,Healthy,455,0.06499290469572493
Hea_10,Healthy,460,0.0690951723677221
Hea_10,Healthy,465,0.07524122187676277
Hea_10,Healthy,470,0.0804357518802949
Hea_10,Healthy,475,0.07522523606538539
Hea_10,Healthy,480,0.08027935859515005
Hea_10,Healthy,485,0.07379550736860854
Hea_10,Healthy,490,0.0847161105305792
Hea_10,Healthy,495,0.09597986548496801
Hea_10,Healthy,500,0.10111184248756419
Hea_10,Healthy,505,0.10313810567397257
Hea_10,Healthy,510,0.11336568673644094
Hea_10,Healthy,515,0.11721357939381842
Hea_10,Healthy,520,0.12752348607986613
Hea_10,Healthy,525,0.1277126668565275
Hea_10,Healthy,530,0.12886736150664937
Hea_10,Healthy,535,0.13719216136237491
Hea_10,Healthy,540,0.12072819359813854
Hea_10,Healthy,545,0.1425541341398663
Hea_10,Healthy,550,0.11902764460642734
Hea_10,Healthy,555,0.1299228300064686
Hea_10,Healthy,560,0.14103661945806648
Hea_10,Healthy,565,0.1380653903814979
Hea_10,Healthy,570,0.12406118146056937
Hea_10,Healthy,575,0.1217524954652923
Hea_10,Healthy,580,0.12861244359028223
Hea_10,Healthy,585,0.11145733261933358
Hea_10,Healthy,590,0.1216298689591768
Hea_10,Healthy,595,0.10202283835577437
Hea_10,Healthy,600,0.09857844095510492
Hea_10,Healthy,605,0.10030384396502565
Hea_10,Healthy,610,0.08633225549661556
Hea_10,Healthy,615,0.0749868961595059
Hea_10,Healthy,620,0.07629029386254924
Hea_10,Healthy,625,0.07309730523486145
Hea_10,Healthy,630,0.061767872731934355
Hea_10,Healthy,635,0.06518373717734276
Hea_10,Healthy,640,0.05898142521268276
Hea_10,Healthy,645,0.06554505191038162
Hea_10,Healthy,650,0.05664287965329471
Hea_10,Healthy,655,0.051266394536943864
Hea_10,Healthy,660,0.04940431838941173
Hea_10,Healthy,665,0.049701597082625136
Hea_10,Healthy,670,0.05249256134991907
Hea_10,Healthy,675,0.04625197960423722
Hea_10,Healthy,680,0.053335269974787734
Hea_10,Healthy,685,0.078074386380301
Hea_10,Healthy,690,0.08574108407034634
Hea_10,Healthy,695,0.10147181947093281
Hea_10,Healthy,700,0.13916412953841156
Hea_10,Healthy,705,0.17005723855254645
Hea_10,Healthy,710,0.19226811148659395
Hea_10,Healthy,715,0.23922308060801256
Hea_10,Healthy,720,0.2794111371685846
Hea_10,Healthy,725,0.313565944765699
Hea_10,Healthy,730,0.3491210650328315
Hea_10,Healthy,735,0.3674499398661215
Hea_10,Healthy,740,0.40426508731612026
Hea_10,Healthy,745,0.42252507029237385
Hea_10,Healthy,750,0.4393553593372235
Hea_10,Healthy,755,0.46167667752459035
Hea_10,Healthy,760,0.4763769552783301
Hea_10,Healthy,765,0.4867351818302424
Hea_10,Healthy,770,0.49027336630251966
Hea_10,Healthy,775,0.4865441980200589
Hea_10,Healthy,780,0.4929131868614407
Hea_10,Healthy,785,0.49806563855394886
Hea_10,Healthy,790,0.496164520722399
Hea_10,Healthy,795,0.49767672003295604
Hea_10,Healthy,800,0.5029050902276525
Hea_10,Healthy,805,0.49839335433716186
Hea_10,Healthy,810,0.4949505227134933
Hea_10,Healthy,815,0.49726265470316033
Hea_10,Healthy,820,0.5038631287017663
Hea_10,Healthy,825,0.5003048317039814
Hea_10,Healthy,830,0.5024945079016814
Hea_10,Healthy,835,0.504595526671583
Hea_10,Healthy,840,0.49841515831910554
Hea_10,Healthy,845,0.5052669468194371
Hea_10,Healthy,850,0.5030502641874994
Hea_10,Healthy,855,0.4934032717932664
Hea_10,Healthy,860,0.5094915465073993
Hea_10,Healthy,865,0.4978519567231425
Hea_10,Healthy,870,0.4909395407792163
Hea_10,Healthy,875,0.49460986522091777
Hea_10,Healthy,880,0.4947611836703867
Hea_10,Healthy,885,0.5012058553628538
Hea_10,Healthy,890,0.4992536345574812
Hea_10,Healthy,895,0.4988786153280223
Hea_10,Healthy,900,0.5046199183530552
Hea_11,Healthy,400,0.05466236711765479
Hea_11,Healthy,405,0.05525463400153342
Hea_11,Healthy,410,0.056538598600228696
Hea_11,Healthy,415,0.040264729243794165
Hea_11,Healthy,420,0.05083214340585599
Hea_11,Healthy,425,0.04009465967235053
Hea_11,Healthy,430,0.05362039062483416
Hea_11,Healthy,435,0.05370139038707402
Hea_11,Healthy,440,0.06045745869777446
Hea_11,Healthy,445,0.061935314445993775
Hea_11,Healthy,450,0.05686930659727288
Hea_11,Healthy,455,0.05376621134158314
Hea_11,Healthy,460,0.061127767840013614
Hea_11,Healthy,465,0.05689344403238987
Hea_11,Healthy,470,0.06235460517887088
Hea_11,Healthy,475,0.07109590666855105
Hea_11,Healthy,480,0.06520702239585593
Hea_11,Healthy,485,0.077346339452033
Hea_11,Healthy,490,0.08111935239008278
Hea_11,Healthy,495,0.07642095098573758
Hea_11,Healthy,500,0.0935709686192217
Hea_11,Healthy,505,0.09787141854228733
Hea_11,Healthy,510,0.10047045149612521
Hea_11,Healthy,515,0.10150661158454563
Hea_11,Healthy,520,0.10697798561171283
Hea_11,Healthy,525,0.11456210964622274
Hea_11,Healthy,530,0.1260686913726834
Hea_11,Healthy,535,0.12125493600922442
Hea_11,Healthy,540,0.13274840653783046
Hea_11,Healthy,545,0.1246178597411417
Hea_11,Healthy,550,0.13150528324393898
Hea_11,Healthy,555,0.1327330701712012
Hea_11,Healthy,560,0.14480836191563012
Hea_11,Healthy,565,0.11874789361763095
Hea_11,Healthy,570,0.1316794147332058
Hea_11,Healthy,575,0.11873573539334567
Hea_11,Healthy,580,0.11466780235954925
Hea_11,Healthy,585,0.1068831740819549
Hea_11,Healthy,590,0.10265228118678632
Hea_11,Healthy,595,0.09292382004151638
Hea_11,Healthy,600,0.0966660981754181
Hea_11,Healthy,605,0.07967534390154171
Hea_11,Healthy,610,0.08415107342538658
Hea_11,Healthy,615,0.06894633051522862
Hea_11,Healthy,620,0.0683987206871633
Hea_11,Healthy,625,0.05869076753111672
Hea_11,Healthy,630,0.0644980381600849
Hea_11,Healthy,635,0.06720105853980295
Hea_11,Healthy,640,0.054782013890598294
Hea_11,Healthy,645,0.05062916436788961
Hea_11,Healthy,650,0.04155907982263166
Hea_11,Healthy,655,0.04339898630337148
Hea_11,Healthy,660,0.032296217607674066
Hea_11,Healthy,665,0.03469717024473122
Hea_11,Healthy,670,0.04196396562129125
Hea_11,Healthy,675,0.05197590535555793
Hea_11,Healthy,680,0.06825163413074843
Hea_11,Healthy,685,0.05973837377031644
Hea_11,Healthy,690,0.0886384794363034
Hea_11,Healthy,695,0.10324696010177999
Hea_11,Healthy,700,0.1274053405944907
Hea_11,Healthy,705,0.16168415961956328
Hea_11,Healthy,710,0.19363547512506998
Hea_11,Healthy,715,0.23032013786176028
Hea_11,Healthy,720,0.26435921282991043
Hea_11,Healthy,725,0.2947425412895244
Hea_11,Healthy,730,0.3278789981079867
Hea_11,Healthy,735,0.37160659694720943
Hea_11,Healthy,740,0.39243021903848485
Hea_11,Healthy,745,0.41257582864411557
Hea_11,Healthy,750,0.4341147072427664
Hea_11,Healthy,755,0.45303451057842187
Hea_11,Healthy,760,0.4603950650652992
Hea_11,Healthy,765,0.4638442050756505
Hea_11,Healthy,770,0.481553850000234
Hea_11,Healthy,775,0.48848928932058583
Hea_11,Healthy,780,0.4855757790080758
Hea_11,Healthy,785,0.491118255584164
Hea_11,Healthy,790,0.4947007862003412
Hea_11,Healthy,795,0.4954843039967699
Hea_11,Healthy,800,0.4934587396919273
Hea_11,Healthy,805,0.4941507056886228
Hea_11,Healthy,810,0.4942557809646704
Hea_11,Healthy,815,0.4849770402437493
Hea_11,Healthy,820,0.49607557856937734
Hea_11,Healthy,825,0.4839635613228784
Hea_11,Healthy,830,0.48749722450257704
Hea_11,Healthy,835,0.5002080148180744
Hea_11,Healthy,840,0.4975171012655124
Hea_11,Healthy,845,0.5014654207686294
Hea_11,Healthy,850,0.4909587354574813
Hea_11,Healthy,855,0.48571023045993067
Hea_11,Healthy,860,0.49120666777071575
Hea_11,Healthy,865,0.4932801861619835
Hea_11,Healthy,870,0.4931556183292235
Hea_11,Healthy,875,0.4994937835438318
Hea_11,Healthy,880,0.49053140527729194
Hea_11,Healthy,885,0.4948165954745821
Hea_11,Healthy,890,0.48677654788700697
Hea_11,Healthy,895,0.49541308399498474
Hea_11,Healthy,900,0.4927319310541302
Hea_12,Healthy,400,0.04263359412492219
Hea_12,Healthy,405,0.04297309918265216
Hea_12,Healthy,410,0.042503350220374915
Hea_12,Healthy,415,0.05482298715224715
Hea_12,Healthy,420,0.043710587309777706
Hea_12,Healthy,425,0.042995033802405574
Hea_12,Healthy,430,0.03210181572256876
Hea_12,Healthy,435,0.039646434512725454
Hea_12,Healthy,440,0.043888314906480486
Hea_12,Healthy,445,0.04197688243678942
Hea_12,Healthy,450,0.055225392272207685
Hea_12,Healthy,455,0.04706124155776945
Hea_12,Healthy,460,0.05722995706483092
Hea_12,Healthy,465,0.05171366806482019
Hea_12,Healthy,470,0.05386881851024265
Hea_12,Healthy,475,0.05592880048469366
Hea_12,Healthy,480,0.05985891838570345
Hea_12,Healthy,485,0.07410752803905937
Hea_12,Healthy,490,0.05441977022160389
Hea_12,Healthy,495,0.06142291782607267
Hea_12,Healthy,500,0.07575106926776286
Hea_12,Healthy,505,0.08504967816586595
Hea_12,Healthy,510,0.09528201312465558
Hea_12,Healthy,515,0.10020156592505863
Hea_12,Healthy,520,0.10111023665006506
Hea_12,Healthy,525,0.11518483767127367
Hea_12,Healthy,530,0.12027678741603025
Hea_12,Healthy,535,0.11937552440544442
Hea_12,Healthy,540,0.1271817688852145
Hea_12,Healthy,545,0.12498675489918706
Hea_12,Healthy,550,0.12064328699405702
Hea_12,Healthy,555,0.1275445750819394
Hea_12,Healthy,560,0.12208375018493092
Hea_12,Healthy,565,0.1183023170354623
Hea_12,Healthy,570,0.12296753917158466
Hea_12,Healthy,575,0.09441393854236371
Hea_12,Healthy,580,0.09497715623467828
Hea_12,Healthy,585,0.09033315444756168
Hea_12,Healthy,590,0.08908684679638432
Hea_12,Healthy,595,0.08360077205327453
Hea_12,Healthy,600,0.0701803336042173
Hea_12,Healthy,605,0.06778571297720731
Hea_12,Healthy,610,0.0634751063253519
Hea_12,Healthy,615,0.07883956819314433
Hea_12,Healthy,620,0.07085317385623612
Hea_12,Healthy,625,0.05393453674293237
Hea_12,Healthy,630,0.050868886500341215
Hea_12,Healthy,635,0.0429175692192962
Hea_12,Healthy,640,0.03507985889435404
Hea_12,Healthy,645,0.04239168784584415
Hea_12,Healthy,650,0.03354216010575729
Hea_12,Healthy,655,0.0355481294388955
Hea_12,Healthy,660,0.02353423847592459
Hea_12,Healthy,665,0.026885081819364866
Hea_12,Healthy,670,0.03277750232063565
Hea_12,Healthy,675,0.03754157415999541
Hea_12,Healthy,680,0.04518369112000572
Hea_12,Healthy,685,0.046617440779981846
Hea_12,Healthy,690,0.07643728328142636
Hea_12,Healthy,695,0.08826566544394122
Hea_12,Healthy,700,0.12339246436679505
Hea_12,Healthy,705,0.15030725125367944
Hea_12,Healthy,710,0.1762881416327048
Hea_12,Healthy,715,0.21904306768478207
Hea_12,Healthy,720,0.26028388466343527
Hea_12,Healthy,725,0.2980914819353473
Hea_12,Healthy,730,0.32757731234263493
Hea_12,Healthy,735,0.3681602913953106
Hea_12,Healthy,740,0.3914179746091007
Hea_12,Healthy,745,0.40589492774783625
Hea_12,Healthy,750,0.42984689475943133
Hea_12,Healthy,755,0.4511501683762394
Hea_12,Healthy,760,0.4623582794160212
Hea_12,Healthy,765,0.4516950258147435
Hea_12,Healthy,770,0.4599193840035796
Hea_12,Healthy,775,0.47920617942728133
Hea_12,Healthy,780,0.4675412431752951
Hea_12,Healthy,785,0.4686235181205316
Hea_12,Healthy,790,0.4756143518394462
Hea_12,Healthy,795,0.48250755875937257
Hea_12,Healthy,800,0.4804422547937671
Hea_12,Healthy,805,0.4779397320879222
Hea_12,Healthy,810,0.4783750331584265
Hea_12,Healthy,815,0.47856953430873755
Hea_12,Healthy,820,0.4778766722604484
Hea_12,Healthy,825,0.49707073281747627
Hea_12,Healthy,830,0.4853323780646229
Hea_12,Healthy,835,0.4889896691418365
Hea_12,Healthy,840,0.4808238058848159
Hea_12,Healthy,845,0.48270778137158016
Hea_12,Healthy,850,0.47958994827556517
Hea_12,Healthy,855,0.4679959639022582
Hea_12,Healthy,860,0.47566372569623283
Hea_12,Healthy,865,0.4730867767028399
Hea_12,Healthy,870,0.470465473767656
Hea_12,Healthy,875,0.47680203722968517
Hea_12,Healthy,880,0.4919312523077846
Hea_12,Healthy,885,0.4837202620417207
Hea_12,Healthy,890,0.49173418376172384
Hea_12,Healthy,895,0.4864595661923093
Hea_12,Healthy,900,0.48869112311148954
Inf_01,Infected,400,0.06617023642792995
Inf_01,Infected,405,0.06750438256686
Inf_01,Infected,410,0.059819674570413886
Inf_01,Infected,415,0.06684014357470319
Inf_01,Infected,420,0.06715681659663895
Inf_01,Infected,425,0.06083425099513443
Inf_01,Infected,430,0.05788806323670387
Inf_01,Infected,435,0.058165158241086284
Inf_01,Infected,440,0.06662210241493144
Inf_01,Infected,445,0.06912645235468465
Inf_01,Infected,450,0.06374293301289154
Inf_01,Infected,455,0.07031059825414515
Inf_01,Infected,460,0.07559459933243044
Inf_01,Infected,465,0.07831489378169089
Inf_01,Infected,470,0.08680826135242306
Inf_01,Infected,475,0.08854242889934762
Inf_01,Infected,480,0.0787732215507821
Inf_01,Infected,485,0.09930958094511602
Inf_01,Infected,490,0.09096737550110601
Inf_01,Infected,495,0.10585549228674344
Inf_01,Infected,500,0.10586069812103409
Inf_01,Infected,505,0.10920004574158092
Inf_01,Infected,510,0.10729518235950147
Inf_01,Infected,515,0.12369934839813454
Inf_01,Infected,520,0.12192884132207286
Inf_01,Infected,525,0.14344886003100127
Inf_01,Infected,530,0.15273468957101063
Inf_01,Infected,535,0.14429439467033012
Inf_01,Infected,540,0.15561396511183914
Inf_01,Infected,545,0.1533075907235493
Inf_01,Infected,550,0.15674965282262218
Inf_01,Infected,555,0.1669336378523761
Inf_01,Infected,560,0.16266668278691868
Inf_01,Infected,565,0.17277236633043702
Inf_01,Infected,570,0.15772489125178663
Inf_01,Infected,575,0.16380768567105203
Inf_01,Infected,580,0.15459805528385692
Inf_01,Infected,585,0.15412818073780643
Inf_01,Infected,590,0.1413005818862137
Inf_01,Infected,595,0.13777135598337628
Inf_01,Infected,600,0.13108379929220687
Inf_01,Infected,605,0.12025130478238974
Inf_01,Infected,610,0.12265615867612571
Inf_01,Infected,615,0.11604391036733658
Inf_01,Infected,620,0.10929438855646166
Inf_01,Infected,625,0.10874001699362149
Inf_01,Infected,630,0.10223831485463483
Inf_01,Infected,635,0.08559610398439788
Inf_01,Infected,640,0.08472302924190757
Inf_01,Infected,645,0.07380809974977266
Inf_01,Infected,650,0.07332075950224481
Inf_01,Infected,655,0.06597236506159428
Inf_01,Infected,660,0.07667804184563365
Inf_01,Infected,665,0.06778073988900074
Inf_01,Infected,670,0.06443093381538931
Inf_01,Infected,675,0.07474047142832849
Inf_01,Infected,680,0.058221474547909116
Inf_01,Infected,685,0.06469870102541651
Inf_01,Infected,690,0.0889367580269149
Inf_01,Infected,695,0.0936548442834479
Inf_01,Infected,700,0.10555642155033082
Inf_01,Infected,705,0.10835605175918436
Inf_01,Infected,710,0.12979848206486902
Inf_01,Infected,715,0.15679887033585507
Inf_01,Infected,720,0.16560581853317594
Inf_01,Infected,725,0.178383876779358
Inf_01,Infected,730,0.19197834927549814
Inf_01,Infected,735,0.20969704655160973
Inf_01,Infected,740,0.2165712435572378
Inf_01,Infected,745,0.24762516603987897
Inf_01,Infected,750,0.26698981338061645
Inf_01,Infected,755,0.2671247414488267
Inf_01,Infected,760,0.28590071914702236
Inf_01,Infected,765,0.2947415438381656
Inf_01,Infected,770,0.3062195141295482
Inf_01,Infected,775,0.3212166801050176
Inf_01,Infected,780,0.3159324277892896
Inf_01,Infected,785,0.3384564584581246
Inf_01,Infected,790,0.3445586719207811
Inf_01,Infected,795,0.342871416783328
Inf_01,Infected,800,0.3330520327555547
Inf_01,Infected,805,0.34485766213919183
Inf_01,Infected,810,0.3605865038531276
Inf_01,Infected,815,0.33842340236906926
Inf_01,Infected,820,0.35453971165375
Inf_01,Infected,825,0.350778146141194
Inf_01,Infected,830,0.36367558198399075
Inf_01,Infected,835,0.35559098865054445
Inf_01,Infected,840,0.3627006417667192
Inf_01,Infected,845,0.3641777317225012
Inf_01,Infected,850,0.3722083345125391
Inf_01,Infected,855,0.36029759037331266
Inf_01,Infected,860,0.36403035422582825
Inf_01,Infected,865,0.3530702999183166
Inf_01,Infected,870,0.3692878734888421
Inf_01,Infected,875,0.3577137332768863
Inf_01,Infected,880,0.35901702622662285
Inf_01,Infected,885,0.36233158343424177
Inf_01,Infected,890,0.3531543373387812
Inf_01,Infected,895,0.36395732386402313
Inf_01,Infected,900,0.3684317880841674
Inf_02,Infected,400,0.0630437918681165
Inf_02,Infected,405,0.0719398879468509
Inf_02,Infected,410,0.07728237829210792
Inf_02,Infected,415,0.061765615305625673
Inf_02,Infected,420,0.06686174051269861
Inf_02,Infected,425,0.07894147489681898
Inf_02,Infected,430,0.0757958929859285
Inf_02,Infected,435,0.07729240427565137
Inf_02,Infected,440,0.08681068455955747
Inf_02,Infected,445,0.07952635636340091
Inf_02,Infected,450,0.08199606260865304
Inf_02,Infected,455,0.09596620591991345
Inf_02,Infected,460,0.08043919631747151
Inf_02,Infected,465,0.07936909946240304
Inf_02,Infected,470,0.08961440557158586
Inf_02,Infected,475,0.09306513663290765
Inf_02,Infected,480,0.09117132434605905
Inf_02,Infected,485,0.09256432812097373
Inf_02,Infected,490,0.1175629476113957
Inf_02,Infected,495,0.11109796278475995
Inf_02,Infected,500,0.11060971262673003
Inf_02,Infected,505,0.12671917037641525
Inf_02,Infected,510,0.12703713915919798
Inf_02,Infected,515,0.13276209333194056
Inf_02,Infected,520,0.1442094245158084
Inf_02,Infected,525,0.13944441755696943
Inf_02,Infected,530,0.15530034340209312
Inf_02,Infected,535,0.1701042360029157
Inf_02,Infected,540,0.1661498531803223
Inf_02,Infected,545,0.1649533137833113
Inf_02,Infected,550,0.16702857607128838
Inf_02,Infected,555,0.16937527633952817
Inf_02,Infected,560,0.1709247828401074
Inf_02,Infected,565,0.16961828543271626
Inf_02,Infected,570,0.17566680132086648
Inf_02,Infected,575,0.15696305960736612
Inf_02,Infected,580,0.16873622165899796
Inf_02,Infected,585,0.15662604007890057
Inf_02,Infected,590,0.15579586109478055
Inf_02,Infected,595,0.14085742809789553
Inf_02,Infected,600,0.14929922551951202
Inf_02,Infected,605,0.14229210378291063
Inf_02,Infected,610,0.13399185917355055
Inf_02,Infected,615,0.11260453422952008
Inf_02,Infected,620,0.12025843336383951
Inf_02,Infected,625,0.1114980001463448
Inf_02,Infected,630,0.09346126511483653
Inf_02,Infected,635,0.09725063437128273
Inf_02,Infected,640,0.09422256881591701
Inf_02,Infected,645,0.09043680207867577
Inf_02,Infected,650,0.08379484235766554
Inf_02,Infected,655,0.08086889680780666
Inf_02,Infected,660,0.08534993489475085
Inf_02,Infected,665,0.08250540099682198
Inf_02,Infected,670,0.05808742541173431
Inf_02,Infected,675,0.07522477521857907
Inf_02,Infected,680,0.07980790739183281
Inf_02,Infected,685,0.07582137170866136
Inf_02,Infected,690,0.09427747099540507
Inf_02,Infected,695,0.11033522677962167
Inf_02,Infected,700,0.10708498314163765
Inf_02,Infected,705,0.1278834805616498
Inf_02,Infected,710,0.13399359001660752
Inf_02,Infected,715,0.1502969882817839
Inf_02,Infected,720,0.17907562916983588
Inf_02,Infected,725,0.1836609371382451
Inf_02,Infected,730,0.20693659422060645
Inf_02,Infected,735,0.2103878215168751
Inf_02,Infected,740,0.25007098281122214
Inf_02,Infected,745,0.25924588474260596
Inf_02,Infected,750,0.2703725622242387
Inf_02,Infected,755,0.2895823830222647
Inf_02,Infected,760,0.29096095047759135
Inf_02,Infected,765,0.318332162632497
Inf_02,Infected,770,0.31961835919583714
Inf_02,Infected,775,0.3292220198042105
Inf_02,Infected,780,0.33503955357984244
Inf_02,Infected,785,0.34083757396192366
Inf_02,Infected,790,0.35375421172136434
Inf_02,Infected,795,0.3554641199625897
Inf_02,Infected,800,0.36139741921429513
Inf_02,Infected,805,0.3603340523087077
Inf_02,Infected,810,0.3658189376653895
Inf_02,Infected,815,0.3621289221403054
Inf_02,Infected,820,0.3795538897257833
Inf_02,Infected,825,0.3580012148638295
Inf_02,Infected,830,0.37596443066627455
Inf_02,Infected,835,0.377399763618146
Inf_02,Infected,840,0.3647146113569269
Inf_02,Infected,845,0.38371125742123735
Inf_02,Infected,850,0.3767145677222458
Inf_02,Infected,855,0.3768927226267173
Inf_02,Infected,860,0.37149286768066275
Inf_02,Infected,865,0.3702279223941841
Inf_02,Infected,870,0.37043958569725693
Inf_02,Infected,875,0.3741706164936466
Inf_02,Infected,880,0.38033931541176763
Inf_02,Infected,885,0.37310360206092047
Inf_02,Infected,890,0.36661362822241145
Inf_02,Infected,895,0.3770819126151743
Inf_02,Infected,900,0.377704541475401
Inf_03,Infected,400,0.0799439763319427
Inf_03,Infected,405,0.07395098057148597
Inf_03,Infected,410,0.07015007551105144
Inf_03,Infected,415,0.07071819295718039
Inf_03,Infected,420,0.0663913627444617
Inf_03,Infected,425,0.07799771058120951
Inf_03,Infected,430,0.07656843332098916
Inf_03,Infected,435,0.07507445419531655
Inf_03,Infected,440,0.060813808407351136
Inf_03,Infected,445,0.07212494051380264
Inf_03,Infected,450,0.08766758409407692
Inf_03,Infected,455,0.07860778239582865
Inf_03,Infected,460,0.08677937937155945
Inf_03,Infected,465,0.07870608910386642
Inf_03,Infected,470,0.0985736657158624
Inf_03,Infected,475,0.09246083013585019
Inf_03,Infected,480,0.09896566471624146
Inf_03,Infected,485,0.11560719462919689
Inf_03,Infected,490,0.1156963273219956
Inf_03,Infected,495,0.11019131387431341
Inf_03,Infected,500,0.11433790944552429
Inf_03,Infected,505,0.12216412413322442
Inf_03,Infected,510,0.13364520519902917
Inf_03,Infected,515,0.1365418428439463
Inf_03,Infected,520,0.1413581280539046
Inf_03,Infected,525,0.15889260431021782
Inf_03,Infected,530,0.15539312646752704
Inf_03,Infected,535,0.17531784735435307
Inf_03,Infected,540,0.16679104822925547
Inf_03,Infected,545,0.1808163024109644
Inf_03,Infected,550,0.17510892992972557
Inf_03,Infected,555,0.1805088852586995
Inf_03,Infected,560,0.1709946982388917
Inf_03,Infected,565,0.1696563749333454
Inf_03,Infected,570,0.17582097404411298
Inf_03,Infected,575,0.17618743932101588
Inf_03,Infected,580,0.1666995660081319
Inf_03,Infected,585,0.15407960485885774
Inf_03,Infected,590,0.14826642982247634
Inf_03,Infected,595,0.14195034278558724
Inf_03,Infected,600,0.1336155120803831
Inf_03,Infected,605,0.1383690118181659
Inf_03,Infected,610,0.13787838518890225
Inf_03,Infected,615,0.12450637380233642
Inf_03,Infected,620,0.10461502403302003
Inf_03,Infected,625,0.1108181124981272
Inf_03,Infected,630,0.10500990425744025
Inf_03,Infected,635,0.11286621681486421
Inf_03,Infected,640,0.08618634004380404
Inf_03,Infected,645,0.08765009045974564
Inf_03,Infected,650,0.09586019587884374
Inf_03,Infected,655,0.08471518399440563
Inf_03,Infected,660,0.08278195062193477
Inf_03,Infected,665,0.07873050979910512
Inf_03,Infected,670,0.08016322200597831
Inf_03,Infected,675,0.08468886936888032
Inf_03,Infected,680,0.07883270128334387
Inf_03,Infected,685,0.09449612025807634
Inf_03,Infected,690,0.08836816018430191
Inf_03,Infected,695,0.10770669362175181
Inf_03,Infected,700,0.11757064171850311
Inf_03,Infected,705,0.1250611220399619
Inf_03,Infected,710,0.14224622486803626
Inf_03,Infected,715,0.15348702514747262
Inf_03,Infected,720,0.1666748650432492
Inf_03,Infected,725,0.18768840124883818
Inf_03,Infected,730,0.20043319311391672
Inf_03,Infected,735,0.2264457206374045
Inf_03,Infected,740,0.23489037011754266
Inf_03,Infected,745,0.2627956378423172
Inf_03,Infected,750,0.2672724925121713
Inf_03,Infected,755,0.28562514010838325
Inf_03,Infected,760,0.2985660522415911
Inf_03,Infected,765,0.322081664194834
Inf_03,Infected,770,0.32643781316211923
Inf_03,Infected,775,0.3320698397188387
Inf_03,Infected,780,0.34387560955565766
Inf_03,Infected,785,0.33457213393402296
Inf_03,Infected,790,0.3522211921533524
Inf_03,Infected,795,0.3688075695683969
Inf_03,Infected,800,0.3611748150438969
Inf_03,Infected,805,0.3636881051002411
Inf_03,Infected,810,0.36892231471638354
Inf_03,Infected,815,0.37290945170334566
Inf_03,Infected,820,0.3570845041595908
Inf_03,Infected,825,0.3602086441112703
Inf_03,Infected,830,0.3725543601110175
Inf_03,Infected,835,0.367796865182039
Inf_03,Infected,840,0.3805935214056439
Inf_03,Infected,845,0.3713383750581941
Inf_03,Infected,850,0.3620282472498991
Inf_03,Infected,855,0.3663516107243198
Inf_03,Infected,860,0.357720484080328
Inf_03,Infected,865,0.37302033175940263
Inf_03,Infected,870,0.37345953953551225
Inf_03,Infected,875,0.37217446229664203
Inf_03,Infected,880,0.38129927763534666
Inf_03,Infected,885,0.38210064141245603
Inf_03,Infected,890,0.3739537650607025
Inf_03,Infected,895,0.36222099387560724
Inf_03,Infected,900,0.3787751321195898
Inf_04,Infected,400,0.07653293791422079
Inf_04,Infected,405,0.08067103344876783
Inf_04,Infected,410,0.06794064753555501
Inf_04,Infected,415,0.08718549145862223
Inf_04,Infected,420,0.06965318131684396
Inf_04,Infected,425,0.08027696207562526
Inf_04,Infected,430,0.06615064545435494
Inf_04,Infected,435,0.07133839789936082
Inf_04,Infected,440,0.0868513388342599
Inf_04,Infected,445,0.07724905199444887
Inf_04,Infected,450,0.08518768141694102
Inf_04,Infected,455,0.08322287632900924
Inf_04,Infected,460,0.0831916859701037
Inf_04,Infected,465,0.09443890923380042
Inf_04,Infected,470,0.08772708547428193
Inf_04,Infected,475,0.08184617305128374
Inf_04,Infected,480,0.09161158738611636
Inf_04,Infected,485,0.10416527185060326
Inf_04,Infected,490,0.10817634695712056
Inf_04,Infected,495,0.10183396370110946
Inf_04,Infected,500,0.11275678103878355
Inf_04,Infected,505,0.11983267170761445
Inf_04,Infected,510,0.12759860374397092
Inf_04,Infected,515,0.1281233117183285
Inf_04,Infected,520,0.13916497187569485
Inf_04,Infected,525,0.1449234594948927
Inf_04,Infected,530,0.15991319097725187
Inf_04,Infected,535,0.16558064626255692
Inf_04,Infected,540,0.16457733569869581
Inf_04,Infected,545,0.16695775887087796
Inf_04,Infected,550,0.1730101648661828
Inf_04,Infected,555,0.16903727677495564
Inf_04,Infected,560,0.16766697765547972
Inf_04,Infected,565,0.16834320861580188
Inf_04,Infected,570,0.16845946493068062
Inf_04,Infected,575,0.16248088266795666
Inf_04,Infected,580,0.16663598995099269
Inf_04,Infected,585,0.1653818645125485
Inf_04,Infected,590,0.14611099581590914
Inf_04,Infected,595,0.1498695390664872
Inf_04,Infected,600,0.1421072355869077
Inf_04,Infected,605,0.13896675737519049
Inf_04,Infected,610,0.13025609465051885
Inf_04,Infected,615,0.11507087844478181
Inf_04,Infected,620,0.10980878238439047
Inf_04,Infected,625,0.11134482231413066
Inf_04,Infected,630,0.11136498935619527
Inf_04,Infected,635,0.08621070568773988
Inf_04,Infected,640,0.09620913260061718
Inf_04,Infected,645,0.09633749370755301
Inf_04,Infected,650,0.08391253013882541
Inf_04,Infected,655,0.08452213452297132
Inf_04,Infected,660,0.07438926329593573
Inf_04,Infected,665,0.0765324115817869
Inf_04,Infected,670,0.06766368526467215
Inf_04,Infected,675,0.06516275793718218
Inf_04,Infected,680,0.08855181960453845
Inf_04,Infected,685,0.08252340481876681
Inf_04,Infected,690,0.09307861681608089
Inf_04,Infected,695,0.09662343786562774
Inf_04,Infected,700,0.10724398332076822
Inf_04,Infected,705,0.12692145996903315
Inf_04,Infected,710,0.13721047895566255
Inf_04,Infected,715,0.1586956976519204
Inf_04,Infected,720,0.17502590911878352
Inf_04,Infected,725,0.19094079317695398
Inf_04,Infected,730,0.20769433527220366
Inf_04,Infected,735,0.2331811506829226
Inf_04,Infected,740,0.23459092606867382
Inf_04,Infected,745,0.2573997721076397
Inf_04,Infected,750,0.2803631114433481
Inf_04,Infected,755,0.29581575405838384
Inf_04,Infected,760,0.29298869639530106
Inf_04,Infected,765,0.31146225677213607
Inf_04,Infected,770,0.3318104056641095
Inf_04,Infected,775,0.33559432276578577
Inf_04,Infected,780,0.34126047669860426
Inf_04,Infected,785,0.3451147854578795
Inf_04,Infected,790,0.34938279373743775
Inf_04,Infected,795,0.3577574044805966
Inf_04,Infected,800,0.3580720968560603
Inf_04,Infected,805,0.3622307599594447
Inf_04,Infected,810,0.3653107422757069
Inf_04,Infected,815,0.3626729966729849
Inf_04,Infected,820,0.3714676861607049
Inf_04,Infected,825,0.3869936764929953
Inf_04,Infected,830,0.3598362981290305
Inf_04,Infected,835,0.3732358052990503
Inf_04,Infected,840,0.3673658349010973
Inf_04,Infected,845,0.3758994424631073
Inf_04,Infected,850,0.37312038210463133
Inf_04,Infected,855,0.3777364284701249
Inf_04,Infected,860,0.38047718525765045
Inf_04,Infected,865,0.37478521729019554
Inf_04,Infected,870,0.3805877636300699
Inf_04,Infected,875,0.35986105679308766
Inf_04,Infected,880,0.3835743227891507
Inf_04,Infected,885,0.37636550090519627
Inf_04,Infected,890,0.38064876133579656
Inf_04,Infected,895,0.36691550701190556
Inf_04,Infected,900,0.36929242894749054
Inf_05,Infected,400,0.07129898568234394
Inf_05,Infected,405,0.07320519100606866
Inf_05,Infected,410,0.07816133160499064
Inf_05,Infected,415,0.06126626177478389
Inf_05,Infected,420,0.0779772867910886
Inf_05,Infected,425,0.07255594049725729
Inf_05,Infected,430,0.07177666497917735
Inf_05,Infected,435,0.06481791914176137
Inf_05,Infected,440,0.07749604348925865
Inf_05,Infected,445,0.06105442835135733
Inf_05,Infected,450,0.0807631343786661
Inf_05,Infected,455,0.0695731335089454
Inf_05,Infected,460,0.08086680690689917
Inf_05,Infected,465,0.08226541878532635
Inf_05,Infected,470,0.09288889183104622
Inf_05,Infected,475,0.0881832952076708
Inf_05,Infected,480,0.08899082109604217
Inf_05,Infected,485,0.09454312982765546
Inf_05,Infected,490,0.11016521345656308
Inf_05,Infected,495,0.11117871954269704
Inf_05,Infected,500,0.11151368079118337
Inf_05,Infected,505,0.11862894580813044
Inf_05,Infected,510,0.11711298329023316
Inf_05,Infected,515,0.13543426298013664
Inf_05,Infected,520,0.12910092880332852
Inf_05,Infected,525,0.15053052572655218
Inf_05,Infected,530,0.15278034549871752
Inf_05,Infected,535,0.1717722537191486
Inf_05,Infected,540,0.15557600964997248
Inf_05,Infected,545,0.16541864962494815
Inf_05,Infected,550,0.17968496972457607
Inf_05,Infected,555,0.17780968978652717
Inf_05,Infected,560,0.16709532236409455
Inf_05,Infected,565,0.17205296496468644
Inf_05,Infected,570,0.16900496457808944
Inf_05,Infected,575,0.16787808519616482
Inf_05,Infected,580,0.15819617450579604
Inf_05,Infected,585,0.15719227257873142
Inf_05,Infected,590,0.1427698958941279
Inf_05,Infected,595,0.14725413203548907
Inf_05,Infected,600,0.14285159892412627
Inf_05,Infected,605,0.13227781331119595
Inf_05,Infected,610,0.11736804644072124
Inf_05,Infected,615,0.12644828982656997
Inf_05,Infected,620,0.11629489293057987
Inf_05,Infected,625,0.10353681479950455
Inf_05,Infected,630,0.10023332568178342
Inf_05,Infected,635,0.08721643802239645
Inf_05,Infected,640,0.08470693688022987
Inf_05,Infected,645,0.0826975181227739
Inf_05,Infected,650,0.08892583479483318
Inf_05,Infected,655,0.0741085237265774
Inf_05,Infected,660,0.07917358426238469
Inf_05,Infected,665,0.07074333608536829
Inf_05,Infected,670,0.07560147626472188
Inf_05,Infected,675,0.07510506929992221
Inf_05,Infected,680,0.08485818892283284
Inf_05,Infected,685,0.0819491308808917
Inf_05,Infected,690,0.0831012389111764
Inf_05,Infected,695,0.0933750217221567
Inf_05,Infected,700,0.10923716110070451
Inf_05,Infected,705,0.11719475087062213
Inf_05,Infected,710,0.14077383873964333
Inf_05,Infected,715,0.15035788719989335
Inf_05,Infected,720,0.18328294243015414
Inf_05,Infected,725,0.17531403225327313
Inf_05,Infected,730,0.20420915412398138
Inf_05,Infected,735,0.21367144783738687
Inf_05,Infected,740,0.23476070516573663
Inf_05,Infected,745,0.2553025226699901
Inf_05,Infected,750,0.2563393687960744
Inf_05,Infected,755,0.28637409642817335
Inf_05,Infected,760,0.30966134759010305
Inf_05,Infected,765,0.30734038415694936
Inf_05,Infected,770,0.3219451507548286
Inf_05,Infected,775,0.33542000281843337
Inf_05,Infected,780,0.33582980203465324
Inf_05,Infected,785,0.3396597570123881
Inf_05,Infected,790,0.3347558053944433
Inf_05,Infected,795,0.3565986589435141
Inf_05,Infected,800,0.3556319556726834
Inf_05,Infected,805,0.353134753102472
Inf_05,Infected,810,0.36232335482577244
Inf_05,Infected,815,0.3599639682281984
Inf_05,Infected,820,0.36182897765581273
Inf_05,Infected,825,0.3698705800642446
Inf_05,Infected,830,0.35919254802213346
Inf_05,Infected,835,0.37430024639544257
Inf_05,Infected,840,0.36026548297918987
Inf_05,Infected,845,0.3651834430729498
Inf_05,Infected,850,0.3811033389541532
Inf_05,Infected,855,0.3766540529208142
Inf_05,Infected,860,0.37073439427866
Inf_05,Infected,865,0.36471213381566875
Inf_05,Infected,870,0.3673444405844751
Inf_05,Infected,875,0.37109112056842347
Inf_05,Infected,880,0.3709813729207817
Inf_05,Infected,885,0.37029452694117604
Inf_05,Infected,890,0.37072133064191
Inf_05,Infected,895,0.3696731353478136
Inf_05,Infected,900,0.36234980034837205
Inf_06,Infected,400,0.07158936505184493
Inf_06,Infected,405,0.05799718140225717
Inf_06,Infected,410,0.0652173152797303
Inf_06,Infected,415,0.061639467803531064
Inf_06,Infected,420,0.06750288264672856
Inf_06,Infected,425,0.06487485766066396
Inf_06,Infected,430,0.07656412584532779
Inf_06,Infected,435,0.07138451718276738
Inf_06,Infected,440,0.06130734019388934
Inf_06,Infected,445,0.0742668512367809
Inf_06,Infected,450,0.0669252668832166
Inf_06,Infected,455,0.06976419800307329
Inf_06,Infected,460,0.0771293812613922
Inf_06,Infected,465,0.07473035500046821
Inf_06,Infected,470,0.0859292055547758
Inf_06,Infected,475,0.07930857356222892
Inf_06,Infected,480,0.08414238085692313
Inf_06,Infected,485,0.08834492835174917
Inf_06,Infected,490,0.09383449206346
Inf_06,Infected,495,0.1092564947704537
Inf_06,Infected,500,0.11230064615153931
Inf_06,Infected,505,0.12500769576154508
Inf_06,Infected,510,0.13482231876669654
Inf_06,Infected,515,0.12161952329298852
Inf_06,Infected,520,0.1347827455230202
Inf_06,Infected,525,0.133662952741234
Inf_06,Infected,530,0.14204338808683548
Inf_06,Infected,535,0.14837045556972617
Inf_06,Infected,540,0.1505343014370438
Inf_06,Infected,545,0.1544237062433566
Inf_06,Infected,550,0.1627299449574713
Inf_06,Infected,555,0.1580614491440154
Inf_06,Infected,560,0.1710257641379549
Inf_06,Infected,565,0.1599030468794958
Inf_06,Infected,570,0.18055078996973242
Inf_06,Infected,575,0.15817845099556865
Inf_06,Infected,580,0.15752077068276246
Inf_06,Infected,585,0.14465655559769475
Inf_06,Infected,590,0.15729516840410918
Inf_06,Infected,595,0.1478608031186532
Inf_06,Infected,600,0.1366333778175671
Inf_06,Infected,605,0.120261922203937
Inf_06,Infected,610,0.12302276076013285
Inf_06,Infected,615,0.1084889200829128
Inf_06,Infected,620,0.11758228199301837
Inf_06,Infected,625,0.10744848148638458
Inf_06,Infected,630,0.09718997030329336
Inf_06,Infected,635,0.0763026081691587
Inf_06,Infected,640,0.07965930948449826
Inf_06,Infected,645,0.08475136070007111
Inf_06,Infected,650,0.08353301978104635
Inf_06,Infected,655,0.07930097065041018
Inf_06,Infected,660,0.06048063200251855
Inf_06,Infected,665,0.07048295485297033
Inf_06,Infected,670,0.07490728990806336
Inf_06,Infected,675,0.060703836628846694
Inf_06,Infected,680,0.07427282993959211
Inf_06,Infected,685,0.08150146100960894
Inf_06,Infected,690,0.08543222861166579
Inf_06,Infected,695,0.08525415248748643
Inf_06,Infected,700,0.10517464511347382
Inf_06,Infected,705,0.11742568582271545
Inf_06,Infected,710,0.13212453992783463
Inf_06,Infected,715,0.14447207534604653
Inf_06,Infected,720,0.16107763792010188
Inf_06,Infected,725,0.18020248983956919
Inf_06,Infected,730,0.200342490391096
Inf_06,Infected,735,0.21331301311083603
Inf_06,Infected,740,0.22996362734737985
Inf_06,Infected,745,0.24970853776902868
Inf_06,Infected,750,0.2534665091995042
Inf_06,Infected,755,0.28251575820035907
Inf_06,Infected,760,0.2929409319432755
Inf_06,Infected,765,0.3049995828163014
Inf_06,Infected,770,0.3208511171691175
Inf_06,Infected,775,0.3122539871889466
Inf_06,Infected,780,0.3196709275252166
Inf_06,Infected,785,0.3394887489250733
Inf_06,Infected,790,0.34306793039555783
Inf_06,Infected,795,0.348474183995851
Inf_06,Infected,800,0.34823861138957724
Inf_06,Infected,805,0.3578973859657957
Inf_06,Infected,810,0.3618600153316081
Inf_06,Infected,815,0.3610703518422998
Inf_06,Infected,820,0.35813497140163353
Inf_06,Infected,825,0.3482871045114611
Inf_06,Infected,830,0.36653866744785446
Inf_06,Infected,835,0.37004713438586073
Inf_06,Infected,840,0.36721935813935935
Inf_06,Infected,845,0.3585822046684315
Inf_06,Infected,850,0.36830883586131546
Inf_06,Infected,855,0.3697535103082835
Inf_06,Infected,860,0.37420207552003704
Inf_06,Infected,865,0.35979906327286343
Inf_06,Infected,870,0.36386175462696474
Inf_06,Infected,875,0.3698355086973252
Inf_06,Infected,880,0.36580110166492824
Inf_06,Infected,885,0.3588361946161793
Inf_06,Infected,890,0.36809443114613044
Inf_06,Infected,895,0.3691317635184904
Inf_06,Infected,900,0.3662298578497533
Inf_07,Infected,400,0.07043815067253568
Inf_07,Infected,405,0.08096562615658644
Inf_07,Infected,410,0.06683926060141614
Inf_07,Infected,415,0.06892283215429967
Inf_07,Infected,420,0.07278945850623127
Inf_07,Infected,425,0.07836914626799643
Inf_07,Infected,430,0.06460429018963877
Inf_07,Infected,435,0.06637200311375943
Inf_07,Infected,440,0.06284055349687051
Inf_07,Infected,445,0.07632441987334454
Inf_07,Infected,450,0.07075210847227592
Inf_07,Infected,455,0.07680764092595721
Inf_07,Infected,460,0.08510350163482593
Inf_07,Infected,465,0.07972034854887815
Inf_07,Infected,470,0.08784852814802446
Inf_07,Infected,475,0.08804837183952517
Inf_07,Infected,480,0.09777751141777614
Inf_07,Infected,485,0.1010226874718521
Inf_07,Infected,490,0.09896548773126879
Inf_07,Infected,495,0.10753820027149032
Inf_07,Infected,500,0.12067909413092667
Inf_07,Infected,505,0.12299705861372345
Inf_07,Infected,510,0.11872344655152044
Inf_07,Infected,515,0.1376262992063371
Inf_07,Infected,520,0.13374133237916527
Inf_07,Infected,525,0.15508399841558684
Inf_07,Infected,530,0.15874238204709748
Inf_07,Infected,535,0.15977902884149683
Inf_07,Infected,540,0.16370939309721685
Inf_07,Infected,545,0.1653696016993088
Inf_07,Infected,550,0.17355556029171926
Inf_07,Infected,555,0.1690258559922877
Inf_07,Infected,560,0.1732751869616947
Inf_07,Infected,565,0.17652993965784383
Inf_07,Infected,570,0.1662113022427268
Inf_07,Infected,575,0.1630783666161371
Inf_07,Infected,580,0.15581123730163965
Inf_07,Infected,585,0.15193053158246017
Inf_07,Infected,590,0.14197701134142054
Inf_07,Infected,595,0.15141153712265515
Inf_07,Infected,600,0.1515941352003733
Inf_07,Infected,605,0.14278347651216247
Inf_07,Infected,610,0.11789101791675226
Inf_07,Infected,615,0.12545539974307973
Inf_07,Infected,620,0.12322955386644575
Inf_07,Infected,625,0.10574121856555978
Inf_07,Infected,630,0.10311478601099346
Inf_07,Infected,635,0.08476226919854082
Inf_07,Infected,640,0.0930489877190385
Inf_07,Infected,645,0.08013220088858979
Inf_07,Infected,650,0.08334229309290271
Inf_07,Infected,655,0.06916749960305033
Inf_07,Infected,660,0.07917862471755907
Inf_07,Infected,665,0.08070948241937925
Inf_07,Infected,670,0.07000388479360098
Inf_07,Infected,675,0.06972107988860377
Inf_07,Infected,680,0.06727288413125784
Inf_07,Infected,685,0.08414869077003334
Inf_07,Infected,690,0.08963601786978279
Inf_07,Infected,695,0.09294977250053152
Inf_07,Infected,700,0.11573571166651545
Inf_07,Infected,705,0.12257846146778392
Inf_07,Infected,710,0.132447323957976
Inf_07,Infected,715,0.15041423481948052
Inf_07,Infected,720,0.1760523034278546
Inf_07,Infected,725,0.18994711455090862
Inf_07,Infected,730,0.20279637174701304
Inf_07,Infected,735,0.2247429691534914
Inf_07,Infected,740,0.23134481453399366
Inf_07,Infected,745,0.25523739949859037
Inf_07,Infected,750,0.2717647040925203
Inf_07,Infected,755,0.2827232937407342
Inf_07,Infected,760,0.30144582589648394
Inf_07,Infected,765,0.30596758628357557
Inf_07,Infected,770,0.32403440092493363
Inf_07,Infected,775,0.33317079835315005
Inf_07,Infected,780,0.3198997368149142
Inf_07,Infected,785,0.35087652542891906
Inf_07,Infected,790,0.33071360148893864
Inf_07,Infected,795,0.34964559353808883
Inf_07,Infected,800,0.36305222740088466
Inf_07,Infected,805,0.35789630892356766
Inf_07,Infected,810,0.3533558317335704
Inf_07,Infected,815,0.35749280106301684
Inf_07,Infected,820,0.37175014198471096
Inf_07,Infected,825,0.35529297900858187
Inf_07,Infected,830,0.37458596216013
Inf_07,Infected,835,0.36827491514902766
Inf_07,Infected,840,0.36208640103952705
Inf_07,Infected,845,0.3662501341535466
Inf_07,Infected,850,0.36405148880742527
Inf_07,Infected,855,0.37567644862039223
Inf_07,Infected,860,0.37513251024654576
Inf_07,Infected,865,0.3606295213697011
Inf_07,Infected,870,0.3686876947778398
Inf_07,Infected,875,0.366061527771125
Inf_07,Infected,880,0.3791064664017817
Inf_07,Infected,885,0.36332833087445465
Inf_07,Infected,890,0.3811208734188065
Inf_07,Infected,895,0.371348790633224
Inf_07,Infected,900,0.36461923938821295
Inf_08,Infected,400,0.060005800148525586
Inf_08,Infected,405,0.05727336924068326
Inf_08,Infected,410,0.06563750197256067
Inf_08,Infected,415,0.0579043905372175
Inf_08,Infected,420,0.05246647528312319
Inf_08,Infected,425,0.06364249038718826
Inf_08,Infected,430,0.055596519142184914
Inf_08,Infected,435,0.06254594551443317
Inf_08,Infected,440,0.0624374343221449
Inf_08,Infected,445,0.06372607920015624
Inf_08,Infected,450,0.08229284909554233
Inf_08,Infected,455,0.07227853809956834
Inf_08,Infected,460,0.07543258565993388
Inf_08,Infected,465,0.06573634220600769
Inf_08,Infected,470,0.07536218432022897
Inf_08,Infected,475,0.0839613421761708
Inf_08,Infected,480,0.08042277916020571
Inf_08,Infected,485,0.09644542323935817
Inf_08,Infected,490,0.08872603750339648
Inf_08,Infected,495,0.09965704108718819
Inf_08,Infected,500,0.10372545101523657
Inf_08,Infected,505,0.11444784845897658
Inf_08,Infected,510,0.11608740557738088
Inf_08,Infected,515,0.12489235618736937
Inf_08,Infected,520,0.131657342673601
Inf_08,Infected,525,0.13502772056195922
Inf_08,Infected,530,0.1483334793295202
Inf_08,Infected,535,0.1522951733454972
Inf_08,Infected,540,0.15505943947556688
Inf_08,Infected,545,0.1568661723451878
Inf_08,Infected,550,0.16708880787692526
Inf_08,Infected,555,0.1626606466566612
Inf_08,Infected,560,0.1628467111213859
Inf_08,Infected,565,0.1647516007485421
Inf_08,Infected,570,0.17258678871219163
Inf_08,Infected,575,0.15155851291844025
Inf_08,Infected,580,0.16042169865480474
Inf_08,Infected,585,0.13978346820227477
Inf_08,Infected,590,0.14707614926992751
Inf_08,Infected,595,0.14930818846470056
Inf_08,Infected,600,0.1364977862051667
Inf_08,Infected,605,0.1280803804330656
Inf_08,Infected,610,0.11710995514617911
Inf_08,Infected,615,0.11411768202716008
Inf_08,Infected,620,0.1060096659849705
Inf_08,Infected,625,0.09659134591288984
Inf_08,Infected,630,0.09359197484473016
Inf_08,Infected,635,0.0908250415776137
Inf_08,Infected,640,0.07967039541048103
Inf_08,Infected,645,0.07450099545157621
Inf_08,Infected,650,0.0668081494703668
Inf_08,Infected,655,0.07370419440320321
Inf_08,Infected,660,0.07201854205298207
Inf_08,Infected,665,0.06877749614272444
Inf_08,Infected,670,0.0733191140307502
Inf_08,Infected,675,0.06989494831003695
Inf_08,Infected,680,0.0753862151212385
Inf_08,Infected,685,0.080395323638796
Inf_08,Infected,690,0.08540146846944938
Inf_08,Infected,695,0.09189608511632819
Inf_08,Infected,700,0.1191276419338801
Inf_08,Infected,705,0.11539170499033698
Inf_08,Infected,710,0.127731600553611
Inf_08,Infected,715,0.14917085530451005
Inf_08,Infected,720,0.16396072979653317
Inf_08,Infected,725,0.17072587071320156
Inf_08,Infected,730,0.2031377247538726
Inf_08,Infected,735,0.21328829870108348
Inf_08,Infected,740,0.22446982681150598
Inf_08,Infected,745,0.25500101069083764
Inf_08,Infected,750,0.2674599506496646
Inf_08,Infected,755,0.2707801879505253
Inf_08,Infected,760,0.30232130003277197
Inf_08,Infected,765,0.30742809833212564
Inf_08,Infected,770,0.31373942709501285
Inf_08,Infected,775,0.3322260856681792
Inf_08,Infected,780,0.33118360991256063
Inf_08,Infected,785,0.3363913198677204
Inf_08,Infected,790,0.3378627232954094
Inf_08,Infected,795,0.34965811743775427
Inf_08,Infected,800,0.35258488410976824
Inf_08,Infected,805,0.3527132372249068
Inf_08,Infected,810,0.3502381566156682
Inf_08,Infected,815,0.3576599296687995
Inf_08,Infected,820,0.3579950419027006
Inf_08,Infected,825,0.35164628738995474
Inf_08,Infected,830,0.351806268556899
Inf_08,Infected,835,0.3648215751266262
Inf_08,Infected,840,0.34645457024235776
Inf_08,Infected,845,0.3638064148596165
Inf_08,Infected,850,0.36011146361799834
Inf_08,Infected,855,0.3711537041670067
Inf_08,Infected,860,0.3606022612435317
Inf_08,Infected,865,0.367726520568955
Inf_08,Infected,870,0.36155289155201525
Inf_08,Infected,875,0.36474825777659375
Inf_08,Infected,880,0.368591552887032
Inf_08,Infected,885,0.3614787183957519
Inf_08,Infected,890,0.37029995520817305
Inf_08,Infected,895,0.3584114989181729
Inf_08,Infected,900,0.36618352999232995
Inf_09,Infected,400,0.08157504939825536
Inf_09,Infected,405,0.08921906016756581
Inf_09,Infected,410,0.0732872161646915
Inf_09,Infected,415,0.06979629958765408
Inf_09,Infected,420,0.07238197313895867
Inf_09,Infected,425,0.08268251586594498
Inf_09,Infected,430,0.08220050518068554
Inf_09,Infected,435,0.08047176193509983
Inf_09,Infected,440,0.07395362061349932
Inf_09,Infected,445,0.08635389064666255
Inf_09,Infected,450,0.0757381530744752
Inf_09,Infected,455,0.09169307744518938
Inf_09,Infected,460,0.10390430139917814
Inf_09,Infected,465,0.09139275011786781
Inf_09,Infected,470,0.09558392319037401
Inf_09,Infected,475,0.09251167903752543
Inf_09,Infected,480,0.0885079839655399
Inf_09,Infected,485,0.10018004125444598
Inf_09,Infected,490,0.10218415682658723
Inf_09,Infected,495,0.1054925216982662
Inf_09,Infected,500,0.13037523176144086
Inf_09,Infected,505,0.12789841086521678
Inf_09,Infected,510,0.13500778274657438
Inf_09,Infected,515,0.13746289501299455
Inf_09,Infected,520,0.14483620798398533
Inf_09,Infected,525,0.15802066245412008
Inf_09,Infected,530,0.1580282046607433
Inf_09,Infected,535,0.16684831797899807
Inf_09,Infected,540,0.16721440861439285
Inf_09,Infected,545,0.1701953162559443
Inf_09,Infected,550,0.16666736995457118
Inf_09,Infected,555,0.16500846899972058
Inf_09,Infected,560,0.1759168346963202
Inf_09,Infected,565,0.1772617519755498
Inf_09,Infected,570,0.16748979964849084
Inf_09,Infected,575,0.17219311223073672
Inf_09,Infected,580,0.16892438392879267
Inf_09,Infected,585,0.15100575838772418
Inf_09,Infected,590,0.1530810736180558
Inf_09,Infected,595,0.15510058611583805
Inf_09,Infected,600,0.14868743868911438
Inf_09,Infected,605,0.13293389171780534
Inf_09,Infected,610,0.13422265151637303
Inf_09,Infected,615,0.13286515343076866
Inf_09,Infected,620,0.12498379188571307
Inf_09,Infected,625,0.11353480209277143
Inf_09,Infected,630,0.10532268191201068
Inf_09,Infected,635,0.09865799896222509
Inf_09,Infected,640,0.09987992777349987
Inf_09,Infected,645,0.09330862146891869
Inf_09,Infected,650,0.0915453453869101
Inf_09,Infected,655,0.08495039837977379
Inf_09,Infected,660,0.08645849743764142
Inf_09,Infected,665,0.0807543999294286
Inf_09,Infected,670,0.08503553462554539
Inf_09,Infected,675,0.08739199036412948
Inf_09,Infected,680,0.08100630097007212
Inf_09,Infected,685,0.0805227460581232
Inf_09,Infected,690,0.108010976976423
Inf_09,Infected,695,0.10942027972375669
Inf_09,Infected,700,0.10835512212052896
Inf_09,Infected,705,0.12661980514052282
Inf_09,Infected,710,0.14915742382892963
Inf_09,Infected,715,0.1576880466313891
Inf_09,Infected,720,0.1721765460432254
Inf_09,Infected,725,0.20035922241511836
Inf_09,Infected,730,0.20291724360256436
Inf_09,Infected,735,0.22186385726103652
Inf_09,Infected,740,0.24520304348746697
Inf_09,Infected,745,0.2630103468514147
Inf_09,Infected,750,0.27948326668050916
Inf_09,Infected,755,0.2966341794240035
Inf_09,Infected,760,0.3056489859696918
Inf_09,Infected,765,0.319210929009936
Inf_09,Infected,770,0.3250446594872497
Inf_09,Infected,775,0.33586027390824585
Inf_09,Infected,780,0.3436723395442816
Inf_09,Infected,785,0.35064971838763587
Inf_09,Infected,790,0.35925907409141494
Inf_09,Infected,795,0.36229720014795785
Inf_09,Infected,800,0.3627898795776025
Inf_09,Infected,805,0.36056971173029934
Inf_09,Infected,810,0.36818341354162715
Inf_09,Infected,815,0.3695115550888057
Inf_09,Infected,820,0.3723722353505297
Inf_09,Infected,825,0.3856855963995794
Inf_09,Infected,830,0.3702938172479737
Inf_09,Infected,835,0.3767637002228968
Inf_09,Infected,840,0.3812759837905107
Inf_09,Infected,845,0.3759612744368223
Inf_09,Infected,850,0.3898063439339314
Inf_09,Infected,855,0.37383530002971543
Inf_09,Infected,860,0.3783069170867523
Inf_09,Infected,865,0.37177609206846274
Inf_09,Infected,870,0.3746245374429593
Inf_09,Infected,875,0.37835868357243385
Inf_09,Infected,880,0.3820476693297351
Inf_09,Infected,885,0.37896793295221787
Inf_09,Infected,890,0.3846746262515681
Inf_09,Infected,895,0.37660320557163285
Inf_09,Infected,900,0.3752222730123227
Inf_10,Infected,400,0.0942310134200978
Inf_10,Infected,405,0.08765426470721432
Inf_10,Infected,410,0.08795303257099933
Inf_10,Infected,415,0.08666587868448983
Inf_10,Infected,420,0.09821816300100238
Inf_10,Infected,425,0.09078435978522717
Inf_10,Infected,430,0.09422790550494044
Inf_10,Infected,435,0.093727933006518
Inf_10,Infected,440,0.09933108043171997
Inf_10,Infected,445,0.09092298540531632
Inf_10,Infected,450,0.09088371109945263
Inf_10,Infected,455,0.1003359268699498
Inf_10,Infected,460,0.10461618964447059
Inf_10,Infected,465,0.10544000019295663
Inf_10,Infected,470,0.10147931507777584
Inf_10,Infected,475,0.1137845097793794
Inf_10,Infected,480,0.10915686140541925
Inf_10,Infected,485,0.11491788863984129
Inf_10,Infected,490,0.11732857020077998
Inf_10,Infected,495,0.13623226232460076
Inf_10,Infected,500,0.13809236443156334
Inf_10,Infected,505,0.14414195908706767
Inf_10,Infected,510,0.15446368886567746
Inf_10,Infected,515,0.17044368776953664
Inf_10,Infected,520,0.14986884093111727
Inf_10,Infected,525,0.16205386195135368
Inf_10,Infected,530,0.1687759399437997
Inf_10,Infected,535,0.17280999969248578
Inf_10,Infected,540,0.17617569799177293
Inf_10,Infected,545,0.18470107829193666
Inf_10,Infected,550,0.1820599957323782
Inf_10,Infected,555,0.1931359806550801
Inf_10,Infected,560,0.19204715910722253
Inf_10,Infected,565,0.1940597068881046
Inf_10,Infected,570,0.19250371365450536
Inf_10,Infected,575,0.19026876561743683
Inf_10,Infected,580,0.18061217800583862
Inf_10,Infected,585,0.19091942991581473
Inf_10,Infected,590,0.17422917134975768
Inf_10,Infected,595,0.15573285731360872
Inf_10,Infected,600,0.15460159491407488
Inf_10,Infected,605,0.14366368635796928
Inf_10,Infected,610,0.14762673406421473
Inf_10,Infected,615,0.14025064181021807
Inf_10,Infected,620,0.1317615630203032
Inf_10,Infected,625,0.1404228365651904
Inf_10,Infected,630,0.12567520011235017
Inf_10,Infected,635,0.12104141911284239
Inf_10,Infected,640,0.10573733122432158
Inf_10,Infected,645,0.10039389135800755
Inf_10,Infected,650,0.10224051742081089
Inf_10,Infected,655,0.0994479614148925
Inf_10,Infected,660,0.0846588074088023
Inf_10,Infected,665,0.09335576567051744
Inf_10,Infected,670,0.09466259790192856
Inf_10,Infected,675,0.09512692182323514
Inf_10,Infected,680,0.0952038813532732
Inf_10,Infected,685,0.1023851623237531
Inf_10,Infected,690,0.11193962775483117
Inf_10,Infected,695,0.12267589055707569
Inf_10,Infected,700,0.13652155006474134
Inf_10,Infected,705,0.15163862242947257
Inf_10,Infected,710,0.15701085480947943
Inf_10,Infected,715,0.17087993351742656
Inf_10,Infected,720,0.19212561167627829
Inf_10,Infected,725,0.20986976382763795
Inf_10,Infected,730,0.22084652695724616
Inf_10,Infected,735,0.24564590134529482
Inf_10,Infected,740,0.26406299976004544
Inf_10,Infected,745,0.28266849912897574
Inf_10,Infected,750,0.3014258969907159
Inf_10,Infected,755,0.30021901740056545
Inf_10,Infected,760,0.31879166657753
Inf_10,Infected,765,0.3305930546319497
Inf_10,Infected,770,0.34026223670787736
Inf_10,Infected,775,0.345839269647097
Inf_10,Infected,780,0.3483645255205057
Inf_10,Infected,785,0.3641659693248279
Inf_10,Infected,790,0.36426446436456317
Inf_10,Infected,795,0.37373305001670687
Inf_10,Infected,800,0.3720110793859405
Inf_10,Infected,805,0.3730772806408118
Inf_10,Infected,810,0.38343393923144453
Inf_10,Infected,815,0.38483595403495136
Inf_10,Infected,820,0.3889396007755084
Inf_10,Infected,825,0.399812390231175
Inf_10,Infected,830,0.3893509541824185
Inf_10,Infected,835,0.3913912197864617
Inf_10,Infected,840,0.3826506064897732
Inf_10,Infected,845,0.38190258138494004
Inf_10,Infected,850,0.3995270129754706
Inf_10,Infected,855,0.3848134201764367
Inf_10,Infected,860,0.38434948039995237
Inf_10,Infected,865,0.3905850960864536
Inf_10,Infected,870,0.390443294449487
Inf_10,Infected,875,0.38570080414732644
Inf_10,Infected,880,0.3893907687195424
Inf_10,Infected,885,0.3986803813299093
Inf_10,Infected,890,0.3865347385785012
Inf_10,Infected,895,0.38306172560492413
Inf_10,Infected,900,0.3971216089926878
Inf_11,Infected,400,0.07044897023682284
Inf_11,Infected,405,0.06478464632359332
Inf_11,Infected,410,0.06995736944312556
Inf_11,Infected,415,0.07430022598785145
Inf_11,Infected,420,0.08189927384243377
Inf_11,Infected,425,0.06905762613063789
Inf_11,Infected,430,0.0752631057992019
Inf_11,Infected,435,0.0804663474497862
Inf_11,Infected,440,0.06296101638061204
Inf_11,Infected,445,0.08451266140752306
Inf_11,Infected,450,0.0725489358203413
Inf_11,Infected,455,0.08328861042487105
Inf_11,Infected,460,0.08479702727120489
Inf_11,Infected,465,0.09225881910042305
Inf_11,Infected,470,0.09194807817499026
Inf_11,Infected,475,0.07776235221372037
Inf_11,Infected,480,0.09121784592232632
Inf_11,Infected,485,0.10118284572194847
Inf_11,Infected,490,0.10412890646966247
Inf_11,Infected,495,0.11359747104849839
Inf_11,Infected,500,0.12133452895668667
Inf_11,Infected,505,0.12646920368884168
Inf_11,Infected,510,0.12800126512076515
Inf_11,Infected,515,0.12479626465065062
Inf_11,Infected,520,0.1396978044987185
Inf_11,Infected,525,0.15128882476271927
Inf_11,Infected,530,0.14823680137081316
Inf_11,Infected,535,0.1640090602447806
Inf_11,Infected,540,0.17039805169826824
Inf_11,Infected,545,0.1695666929713131
Inf_11,Infected,550,0.15328343326350943
Inf_11,Infected,555,0.16576369071085398
Inf_11,Infected,560,0.18536059856725653
Inf_11,Infected,565,0.17020080257862158
Inf_11,Infected,570,0.15985897804317106
Inf_11,Infected,575,0.1763687032640076
Inf_11,Infected,580,0.16523925961331315
Inf_11,Infected,585,0.16712870687102827
Inf_11,Infected,590,0.15679083113945047
Inf_11,Infected,595,0.1519656150838997
Inf_11,Infected,600,0.14510039931222848
Inf_11,Infected,605,0.14059812860093135
Inf_11,Infected,610,0.14349380341791265
Inf_11,Infected,615,0.12911400560756242
Inf_11,Infected,620,0.10739657573789595
Inf_11,Infected,625,0.11334374341972993
Inf_11,Infected,630,0.1115366819137772
Inf_11,Infected,635,0.10620752822065047
Inf_11,Infected,640,0.0910706366908888
Inf_11,Infected,645,0.0956849218143916
Inf_11,Infected,650,0.0898926332608056
Inf_11,Infected,655,0.09615151763606673
Inf_11,Infected,660,0.07360316083126717
Inf_11,Infected,665,0.0736996987864813
Inf_11,Infected,670,0.07504794555119701
Inf_11,Infected,675,0.07578297835489846
Inf_11,Infected,680,0.07705059376604086
Inf_11,Infected,685,0.0713528148185067
Inf_11,Infected,690,0.09269908051119835
Inf_11,Infected,695,0.10665373321088402
Inf_11,Infected,700,0.1122399639336717
Inf_11,Infected,705,0.1390722667382112
Inf_11,Infected,710,0.1411636904642073
Inf_11,Infected,715,0.1636695394624927
Inf_11,Infected,720,0.17337469454872145
Inf_11,Infected,725,0.19346963262580155
Inf_11,Infected,730,0.20743367331767004
Inf_11,Infected,735,0.23142274271218838
Inf_11,Infected,740,0.24082761825117321
Inf_11,Infected,745,0.2602015990208256
Inf_11,Infected,750,0.27526046358956646
Inf_11,Infected,755,0.2859942959210273
Inf_11,Infected,760,0.30344466567235223
Inf_11,Infected,765,0.32623820036669304
Inf_11,Infected,770,0.32153479090376896
Inf_11,Infected,775,0.3345581309591465
Inf_11,Infected,780,0.34713106568237795
Inf_11,Infected,785,0.3527579067715888
Inf_11,Infected,790,0.35125139126543603
Inf_11,Infected,795,0.34122325135174614
Inf_11,Infected,800,0.36218205198529363
Inf_11,Infected,805,0.3486648796014087
Inf_11,Infected,810,0.37315426689209974
Inf_11,Infected,815,0.36725376253854114
Inf_11,Infected,820,0.3737684475040839
Inf_11,Infected,825,0.3635910352408521
Inf_11,Infected,830,0.36067866659262227
Inf_11,Infected,835,0.3723517499261931
Inf_11,Infected,840,0.37122084826050955
Inf_11,Infected,845,0.3689812755084845
Inf_11,Infected,850,0.3728444984164964
Inf_11,Infected,855,0.3892654086454993
Inf_11,Infected,860,0.3779267925502478
Inf_11,Infected,865,0.37942317568620204
Inf_11,Infected,870,0.37835456471634066
Inf_11,Infected,875,0.38229911048636855
Inf_11,Infected,880,0.3723866724316857
Inf_11,Infected,885,0.36128205361522614
Inf_11,Infected,890,0.37254567787072507
Inf_11,Infected,895,0.3786006692083694
Inf_11,Infected,900,0.36795373933386777
Inf_12,Infected,400,0.06467216060328199
Inf_12,Infected,405,0.07794052103199467
Inf_12,Infected,410,0.07357254877477738
Inf_12,Infected,415,0.0731883934333919
Inf_12,Infected,420,0.07328554628243773
Inf_12,Infected,425,0.06970431956512413
Inf_12,Infected,430,0.07160625988401681
Inf_12,Infected,435,0.06395506910780396
Inf_12,Infected,440,0.058780665649421214
Inf_12,Infected,445,0.07386112828254086
Inf_12,Infected,450,0.07623827789179385
Inf_12,Infected,455,0.08320292197526277
Inf_12,Infected,460,0.08739564037061569
Inf_12,Infected,465,0.08982198876221471
Inf_12,Infected,470,0.07730508743044681
Inf_12,Infected,475,0.08456320205498269
Inf_12,Infected,480,0.0934592242811316
Inf_12,Infected,485,0.1101957401128629
Inf_12,Infected,490,0.10883007810924575
Inf_12,Infected,495,0.11209888674252912
Inf_12,Infected,500,0.10892229898995376
Inf_12,Infected,505,0.11216999258391393
Inf_12,Infected,510,0.12867105917697244
Inf_12,Infected,515,0.12392101623254842
Inf_12,Infected,520,0.13565077098654665
Inf_12,Infected,525,0.14275264528045506
Inf_12,Infected,530,0.15898765452143396
Inf_12,Infected,535,0.15274392514687415
Inf_12,Infected,540,0.14496289118380978
Inf_12,Infected,545,0.16648285610009392
Inf_12,Infected,550,0.16212267844334133
Inf_12,Infected,555,0.16833870413433233
Inf_12,Infected,560,0.16817393251144838
Inf_12,Infected,565,0.16648850246246633
Inf_12,Infected,570,0.17115657797323433
Inf_12,Infected,575,0.15441072676461082
Inf_12,Infected,580,0.15670773781490602
Inf_12,Infected,585,0.15925398851656727
Inf_12,Infected,590,0.14609526753664914
Inf_12,Infected,595,0.13421211711158793
Inf_12,Infected,600,0.14158437298606286
Inf_12,Infected,605,0.13780246361263565
Inf_12,Infected,610,0.12420994658129911
Inf_12,Infected,615,0.10617359110157115
Inf_12,Infected,620,0.11576512722574311
Inf_12,Infected,625,0.09535514414011943
Inf_12,Infected,630,0.10119129006682795
Inf_12,Infected,635,0.08831723753356169
Inf_12,Infected,640,0.08132192797522265
Inf_12,Infected,645,0.08069449214136575
Inf_12,Infected,650,0.07787709062551587
Inf_12,Infected,655,0.07150186061251072
Inf_12,Infected,660,0.0762860880186302
Inf_12,Infected,665,0.06871838307471191
Inf_12,Infected,670,0.07741650217256872
Inf_12,Infected,675,0.07506204734957304
Inf_12,Infected,680,0.07285607212562568
Inf_12,Infected,685,0.07738392565013649
Inf_12,Infected,690,0.08007299665983358
Inf_12,Infected,695,0.10083268102046658
Inf_12,Infected,700,0.10772246682378006
Inf_12,Infected,705,0.10787750356923652
Inf_12,Infected,710,0.13251984345187678
Inf_12,Infected,715,0.14516785805643928
Inf_12,Infected,720,0.17591093472594668
Inf_12,Infected,725,0.17294521419566322
Inf_12,Infected,730,0.19176081629624542
Inf_12,Infected,735,0.22452054987998227
Inf_12,Infected,740,0.24328325819574367
Inf_12,Infected,745,0.24740567424052012
Inf_12,Infected,750,0.2639206481513938
Inf_12,Infected,755,0.2860721181496922
Inf_12,Infected,760,0.28170287007771333
Inf_12,Infected,765,0.2963154178830547
Inf_12,Infected,770,0.31612346925181845
Inf_12,Infected,775,0.33599138209938284
Inf_12,Infected,780,0.3316207085487419
Inf_12,Infected,785,0.3411727049369151
Inf_12,Infected,790,0.352634525495085
Inf_12,Infected,795,0.36281558906974026
Inf_12,Infected,800,0.350271441335094
Inf_12,Infected,805,0.35653140191132754
Inf_12,Infected,810,0.36991767193509045
Inf_12,Infected,815,0.3517544207608141
Inf_12,Infected,820,0.36858658690875595
Inf_12,Infected,825,0.35754450597635196
Inf_12,Infected,830,0.3652592427356226
Inf_12,Infected,835,0.3639822064375255
Inf_12,Infected,840,0.3603250963966201
Inf_12,Infected,845,0.36068260600005886
Inf_12,Infected,850,0.3686457140182034
Inf_12,Infected,855,0.3732847263628629
Inf_12,Infected,860,0.3667919191474835
Inf_12,Infected,865,0.36819756010400245
Inf_12,Infected,870,0.37136868486534785
Inf_12,Infected,875,0.3622433220857587
Inf_12,Infected,880,0.37261595462014885
Inf_12,Infected,885,0.37317737714421745
Inf_12,Infected,890,0.3839496495618447
Inf_12,Infected,895,0.3661243269056139
Inf_12,Infected,900,0.3656747479951305
